Dynamical matrix file
Phonons on a uniform q-grid                                                
  1    2   2  10.2000000   0.0000000   0.0000000   0.0000000   0.0000000   0.0000000
           1  'Si  '    25598.367289828169     
    1    1      0.0000000000      0.0000000000      0.0000000000
    2    1      0.2500000000      0.2500000000      0.2500000000

     Dynamical  Matrix in cartesian axes

     q = (    0.750000000  -0.250000000   0.750000000 ) 

    1    1
  0.25626282   0.00000000    -0.00672010   0.00846915     0.00665610   0.00000000
 -0.00672010  -0.00846915     0.30837400   0.00000000    -0.00672010  -0.00846915
  0.00665610   0.00000000    -0.00672010   0.00846915     0.25626282   0.00000000
    1    2
 -0.06256519   0.06382038    -0.04349863   0.04626674    -0.04407594  -0.14453492
 -0.04349863   0.04626674    -0.06083899   0.08242655    -0.04349863   0.04626674
 -0.04407594  -0.14453492    -0.04349863   0.04626674    -0.06256519   0.06382038
    2    1
 -0.06256519  -0.06382038    -0.04349863  -0.04626674    -0.04407594   0.14453492
 -0.04349863  -0.04626674    -0.06083899  -0.08242655    -0.04349863  -0.04626674
 -0.04407594   0.14453492    -0.04349863  -0.04626674    -0.06256519  -0.06382038
    2    2
  0.25626282   0.00000000    -0.00672010  -0.00846915     0.00665610   0.00000000
 -0.00672010   0.00846915     0.30837400   0.00000000    -0.00672010   0.00846915
  0.00665610   0.00000000    -0.00672010  -0.00846915     0.25626282   0.00000000

     Dynamical  Matrix in cartesian axes

     q = (    0.750000000  -0.250000000  -0.750000000 ) 

    1    1
  0.25626282   0.00000000    -0.00672010  -0.00846915    -0.00665610   0.00000000
 -0.00672010   0.00846915     0.30837400   0.00000000     0.00672010  -0.00846915
 -0.00665610   0.00000000     0.00672010   0.00846915     0.25626282   0.00000000
    1    2
 -0.06382038   0.06256519    -0.04626674   0.04349863    -0.14453492  -0.04407594
 -0.04626674   0.04349863    -0.08242655   0.06083899     0.04626674  -0.04349863
 -0.14453492  -0.04407594     0.04626674  -0.04349863    -0.06382038   0.06256519
    2    1
 -0.06382038  -0.06256519    -0.04626674  -0.04349863    -0.14453492   0.04407594
 -0.04626674  -0.04349863    -0.08242655  -0.06083899     0.04626674   0.04349863
 -0.14453492   0.04407594     0.04626674   0.04349863    -0.06382038  -0.06256519
    2    2
  0.25626282   0.00000000    -0.00672010   0.00846915    -0.00665610   0.00000000
 -0.00672010  -0.00846915     0.30837400   0.00000000     0.00672010   0.00846915
 -0.00665610   0.00000000     0.00672010  -0.00846915     0.25626282   0.00000000

     Dynamical  Matrix in cartesian axes

     q = (   -0.750000000  -0.250000000  -0.750000000 ) 

    1    1
  0.25626282   0.00000000     0.00672010  -0.00846915     0.00665610   0.00000000
  0.00672010   0.00846915     0.30837400   0.00000000     0.00672010   0.00846915
  0.00665610   0.00000000     0.00672010  -0.00846915     0.25626282   0.00000000
    1    2
  0.06382038   0.06256519    -0.04626674  -0.04349863    -0.14453492   0.04407594
 -0.04626674  -0.04349863     0.08242655   0.06083899    -0.04626674  -0.04349863
 -0.14453492   0.04407594    -0.04626674  -0.04349863     0.06382038   0.06256519
    2    1
  0.06382038  -0.06256519    -0.04626674   0.04349863    -0.14453492  -0.04407594
 -0.04626674   0.04349863     0.08242655  -0.06083899    -0.04626674   0.04349863
 -0.14453492  -0.04407594    -0.04626674   0.04349863     0.06382038  -0.06256519
    2    2
  0.25626282   0.00000000     0.00672010   0.00846915     0.00665610   0.00000000
  0.00672010  -0.00846915     0.30837400   0.00000000     0.00672010  -0.00846915
  0.00665610   0.00000000     0.00672010   0.00846915     0.25626282   0.00000000

     Dynamical  Matrix in cartesian axes

     q = (   -0.750000000  -0.250000000   0.750000000 ) 

    1    1
  0.25626282   0.00000000     0.00672010   0.00846915    -0.00665610   0.00000000
  0.00672010  -0.00846915     0.30837400   0.00000000    -0.00672010   0.00846915
 -0.00665610   0.00000000    -0.00672010  -0.00846915     0.25626282   0.00000000
    1    2
 -0.06382038   0.06256519     0.04626674  -0.04349863    -0.14453492  -0.04407594
  0.04626674  -0.04349863    -0.08242655   0.06083899    -0.04626674   0.04349863
 -0.14453492  -0.04407594    -0.04626674   0.04349863    -0.06382038   0.06256519
    2    1
 -0.06382038  -0.06256519     0.04626674   0.04349863    -0.14453492   0.04407594
  0.04626674   0.04349863    -0.08242655  -0.06083899    -0.04626674  -0.04349863
 -0.14453492   0.04407594    -0.04626674  -0.04349863    -0.06382038  -0.06256519
    2    2
  0.25626282   0.00000000     0.00672010  -0.00846915    -0.00665610   0.00000000
  0.00672010   0.00846915     0.30837400   0.00000000    -0.00672010  -0.00846915
 -0.00665610   0.00000000    -0.00672010   0.00846915     0.25626282   0.00000000

     Dynamical  Matrix in cartesian axes

     q = (   -0.750000000   0.250000000  -0.750000000 ) 

    1    1
  0.25626282   0.00000000    -0.00672010  -0.00846915     0.00665610   0.00000000
 -0.00672010   0.00846915     0.30837400   0.00000000    -0.00672010   0.00846915
  0.00665610   0.00000000    -0.00672010  -0.00846915     0.25626282   0.00000000
    1    2
 -0.06256519  -0.06382038    -0.04349863  -0.04626674    -0.04407594   0.14453492
 -0.04349863  -0.04626674    -0.06083899  -0.08242655    -0.04349863  -0.04626674
 -0.04407594   0.14453492    -0.04349863  -0.04626674    -0.06256519  -0.06382038
    2    1
 -0.06256519   0.06382038    -0.04349863   0.04626674    -0.04407594  -0.14453492
 -0.04349863   0.04626674    -0.06083899   0.08242655    -0.04349863   0.04626674
 -0.04407594  -0.14453492    -0.04349863   0.04626674    -0.06256519   0.06382038
    2    2
  0.25626282   0.00000000    -0.00672010   0.00846915     0.00665610   0.00000000
 -0.00672010  -0.00846915     0.30837400   0.00000000    -0.00672010  -0.00846915
  0.00665610   0.00000000    -0.00672010   0.00846915     0.25626282   0.00000000

     Dynamical  Matrix in cartesian axes

     q = (   -0.250000000   0.750000000  -0.750000000 ) 

    1    1
  0.30837400   0.00000000    -0.00672010   0.00846915     0.00672010  -0.00846915
 -0.00672010  -0.00846915     0.25626282   0.00000000    -0.00665610   0.00000000
  0.00672010   0.00846915    -0.00665610   0.00000000     0.25626282   0.00000000
    1    2
 -0.08242655   0.06083899    -0.04626674   0.04349863     0.04626674  -0.04349863
 -0.04626674   0.04349863    -0.06382038   0.06256519    -0.14453492  -0.04407594
  0.04626674  -0.04349863    -0.14453492  -0.04407594    -0.06382038   0.06256519
    2    1
 -0.08242655  -0.06083899    -0.04626674  -0.04349863     0.04626674   0.04349863
 -0.04626674  -0.04349863    -0.06382038  -0.06256519    -0.14453492   0.04407594
  0.04626674   0.04349863    -0.14453492   0.04407594    -0.06382038  -0.06256519
    2    2
  0.30837400   0.00000000    -0.00672010  -0.00846915     0.00672010   0.00846915
 -0.00672010   0.00846915     0.25626282   0.00000000    -0.00665610   0.00000000
  0.00672010  -0.00846915    -0.00665610   0.00000000     0.25626282   0.00000000

     Dynamical  Matrix in cartesian axes

     q = (   -0.750000000   0.750000000  -0.250000000 ) 

    1    1
  0.25626282   0.00000000    -0.00665610   0.00000000     0.00672010   0.00846915
 -0.00665610   0.00000000     0.25626282   0.00000000    -0.00672010  -0.00846915
  0.00672010  -0.00846915    -0.00672010   0.00846915     0.30837400   0.00000000
    1    2
 -0.06382038   0.06256519    -0.14453492  -0.04407594     0.04626674  -0.04349863
 -0.14453492  -0.04407594    -0.06382038   0.06256519    -0.04626674   0.04349863
  0.04626674  -0.04349863    -0.04626674   0.04349863    -0.08242655   0.06083899
    2    1
 -0.06382038  -0.06256519    -0.14453492   0.04407594     0.04626674   0.04349863
 -0.14453492   0.04407594    -0.06382038  -0.06256519    -0.04626674  -0.04349863
  0.04626674   0.04349863    -0.04626674  -0.04349863    -0.08242655  -0.06083899
    2    2
  0.25626282   0.00000000    -0.00665610   0.00000000     0.00672010  -0.00846915
 -0.00665610   0.00000000     0.25626282   0.00000000    -0.00672010   0.00846915
  0.00672010   0.00846915    -0.00672010  -0.00846915     0.30837400   0.00000000

     Dynamical  Matrix in cartesian axes

     q = (    0.750000000   0.250000000   0.750000000 ) 

    1    1
  0.25626282   0.00000000     0.00672010   0.00846915     0.00665610   0.00000000
  0.00672010  -0.00846915     0.30837400   0.00000000     0.00672010  -0.00846915
  0.00665610   0.00000000     0.00672010   0.00846915     0.25626282   0.00000000
    1    2
  0.06382038  -0.06256519    -0.04626674   0.04349863    -0.14453492  -0.04407594
 -0.04626674   0.04349863     0.08242655  -0.06083899    -0.04626674   0.04349863
 -0.14453492  -0.04407594    -0.04626674   0.04349863     0.06382038  -0.06256519
    2    1
  0.06382038   0.06256519    -0.04626674  -0.04349863    -0.14453492   0.04407594
 -0.04626674  -0.04349863     0.08242655   0.06083899    -0.04626674  -0.04349863
 -0.14453492   0.04407594    -0.04626674  -0.04349863     0.06382038   0.06256519
    2    2
  0.25626282   0.00000000     0.00672010  -0.00846915     0.00665610   0.00000000
  0.00672010   0.00846915     0.30837400   0.00000000     0.00672010   0.00846915
  0.00665610   0.00000000     0.00672010  -0.00846915     0.25626282   0.00000000

     Dynamical  Matrix in cartesian axes

     q = (   -0.750000000   0.250000000   0.750000000 ) 

    1    1
  0.25626282   0.00000000    -0.00672010   0.00846915    -0.00665610   0.00000000
 -0.00672010  -0.00846915     0.30837400   0.00000000     0.00672010   0.00846915
 -0.00665610   0.00000000     0.00672010  -0.00846915     0.25626282   0.00000000
    1    2
 -0.06382038  -0.06256519    -0.04626674  -0.04349863    -0.14453492   0.04407594
 -0.04626674  -0.04349863    -0.08242655  -0.06083899     0.04626674   0.04349863
 -0.14453492   0.04407594     0.04626674   0.04349863    -0.06382038  -0.06256519
    2    1
 -0.06382038   0.06256519    -0.04626674   0.04349863    -0.14453492  -0.04407594
 -0.04626674   0.04349863    -0.08242655   0.06083899     0.04626674  -0.04349863
 -0.14453492  -0.04407594     0.04626674  -0.04349863    -0.06382038   0.06256519
    2    2
  0.25626282   0.00000000    -0.00672010  -0.00846915    -0.00665610   0.00000000
 -0.00672010   0.00846915     0.30837400   0.00000000     0.00672010  -0.00846915
 -0.00665610   0.00000000     0.00672010   0.00846915     0.25626282   0.00000000

     Dynamical  Matrix in cartesian axes

     q = (    0.750000000   0.250000000  -0.750000000 ) 

    1    1
  0.25626282   0.00000000     0.00672010  -0.00846915    -0.00665610   0.00000000
  0.00672010   0.00846915     0.30837400   0.00000000    -0.00672010  -0.00846915
 -0.00665610   0.00000000    -0.00672010   0.00846915     0.25626282   0.00000000
    1    2
 -0.06382038  -0.06256519     0.04626674   0.04349863    -0.14453492   0.04407594
  0.04626674   0.04349863    -0.08242655  -0.06083899    -0.04626674  -0.04349863
 -0.14453492   0.04407594    -0.04626674  -0.04349863    -0.06382038  -0.06256519
    2    1
 -0.06382038   0.06256519     0.04626674  -0.04349863    -0.14453492  -0.04407594
  0.04626674  -0.04349863    -0.08242655   0.06083899    -0.04626674   0.04349863
 -0.14453492  -0.04407594    -0.04626674   0.04349863    -0.06382038   0.06256519
    2    2
  0.25626282   0.00000000     0.00672010   0.00846915    -0.00665610   0.00000000
  0.00672010  -0.00846915     0.30837400   0.00000000    -0.00672010   0.00846915
 -0.00665610   0.00000000    -0.00672010  -0.00846915     0.25626282   0.00000000

     Dynamical  Matrix in cartesian axes

     q = (   -0.750000000   0.750000000   0.250000000 ) 

    1    1
  0.25626282   0.00000000    -0.00665610   0.00000000    -0.00672010   0.00846915
 -0.00665610   0.00000000     0.25626282   0.00000000     0.00672010  -0.00846915
 -0.00672010  -0.00846915     0.00672010   0.00846915     0.30837400   0.00000000
    1    2
 -0.06382038  -0.06256519    -0.14453492   0.04407594    -0.04626674  -0.04349863
 -0.14453492   0.04407594    -0.06382038  -0.06256519     0.04626674   0.04349863
 -0.04626674  -0.04349863     0.04626674   0.04349863    -0.08242655  -0.06083899
    2    1
 -0.06382038   0.06256519    -0.14453492  -0.04407594    -0.04626674   0.04349863
 -0.14453492  -0.04407594    -0.06382038   0.06256519     0.04626674  -0.04349863
 -0.04626674   0.04349863     0.04626674  -0.04349863    -0.08242655   0.06083899
    2    2
  0.25626282   0.00000000    -0.00665610   0.00000000    -0.00672010  -0.00846915
 -0.00665610   0.00000000     0.25626282   0.00000000     0.00672010   0.00846915
 -0.00672010   0.00846915     0.00672010  -0.00846915     0.30837400   0.00000000

     Dynamical  Matrix in cartesian axes

     q = (   -0.250000000   0.750000000   0.750000000 ) 

    1    1
  0.30837400   0.00000000    -0.00672010  -0.00846915    -0.00672010  -0.00846915
 -0.00672010   0.00846915     0.25626282   0.00000000     0.00665610   0.00000000
 -0.00672010   0.00846915     0.00665610   0.00000000     0.25626282   0.00000000
    1    2
 -0.06083899   0.08242655    -0.04349863   0.04626674    -0.04349863   0.04626674
 -0.04349863   0.04626674    -0.06256519   0.06382038    -0.04407594  -0.14453492
 -0.04349863   0.04626674    -0.04407594  -0.14453492    -0.06256519   0.06382038
    2    1
 -0.06083899  -0.08242655    -0.04349863  -0.04626674    -0.04349863  -0.04626674
 -0.04349863  -0.04626674    -0.06256519  -0.06382038    -0.04407594   0.14453492
 -0.04349863  -0.04626674    -0.04407594   0.14453492    -0.06256519  -0.06382038
    2    2
  0.30837400   0.00000000    -0.00672010   0.00846915    -0.00672010   0.00846915
 -0.00672010  -0.00846915     0.25626282   0.00000000     0.00665610   0.00000000
 -0.00672010  -0.00846915     0.00665610   0.00000000     0.25626282   0.00000000

     Dynamical  Matrix in cartesian axes

     q = (    0.250000000   0.750000000  -0.750000000 ) 

    1    1
  0.30837400   0.00000000     0.00672010   0.00846915    -0.00672010  -0.00846915
  0.00672010  -0.00846915     0.25626282   0.00000000    -0.00665610   0.00000000
 -0.00672010   0.00846915    -0.00665610   0.00000000     0.25626282   0.00000000
    1    2
 -0.08242655  -0.06083899     0.04626674   0.04349863    -0.04626674  -0.04349863
  0.04626674   0.04349863    -0.06382038  -0.06256519    -0.14453492   0.04407594
 -0.04626674  -0.04349863    -0.14453492   0.04407594    -0.06382038  -0.06256519
    2    1
 -0.08242655   0.06083899     0.04626674  -0.04349863    -0.04626674   0.04349863
  0.04626674  -0.04349863    -0.06382038   0.06256519    -0.14453492  -0.04407594
 -0.04626674   0.04349863    -0.14453492  -0.04407594    -0.06382038   0.06256519
    2    2
  0.30837400   0.00000000     0.00672010  -0.00846915    -0.00672010   0.00846915
  0.00672010   0.00846915     0.25626282   0.00000000    -0.00665610   0.00000000
 -0.00672010  -0.00846915    -0.00665610   0.00000000     0.25626282   0.00000000

     Dynamical  Matrix in cartesian axes

     q = (   -0.250000000  -0.750000000  -0.750000000 ) 

    1    1
  0.30837400   0.00000000     0.00672010   0.00846915     0.00672010   0.00846915
  0.00672010  -0.00846915     0.25626282   0.00000000     0.00665610   0.00000000
  0.00672010  -0.00846915     0.00665610   0.00000000     0.25626282   0.00000000
    1    2
  0.08242655   0.06083899    -0.04626674  -0.04349863    -0.04626674  -0.04349863
 -0.04626674  -0.04349863     0.06382038   0.06256519    -0.14453492   0.04407594
 -0.04626674  -0.04349863    -0.14453492   0.04407594     0.06382038   0.06256519
    2    1
  0.08242655  -0.06083899    -0.04626674   0.04349863    -0.04626674   0.04349863
 -0.04626674   0.04349863     0.06382038  -0.06256519    -0.14453492  -0.04407594
 -0.04626674   0.04349863    -0.14453492  -0.04407594     0.06382038  -0.06256519
    2    2
  0.30837400   0.00000000     0.00672010  -0.00846915     0.00672010  -0.00846915
  0.00672010   0.00846915     0.25626282   0.00000000     0.00665610   0.00000000
  0.00672010   0.00846915     0.00665610   0.00000000     0.25626282   0.00000000

     Dynamical  Matrix in cartesian axes

     q = (    0.750000000   0.750000000  -0.250000000 ) 

    1    1
  0.25626282   0.00000000     0.00665610   0.00000000    -0.00672010   0.00846915
  0.00665610   0.00000000     0.25626282   0.00000000    -0.00672010   0.00846915
 -0.00672010  -0.00846915    -0.00672010  -0.00846915     0.30837400   0.00000000
    1    2
 -0.06256519   0.06382038    -0.04407594  -0.14453492    -0.04349863   0.04626674
 -0.04407594  -0.14453492    -0.06256519   0.06382038    -0.04349863   0.04626674
 -0.04349863   0.04626674    -0.04349863   0.04626674    -0.06083899   0.08242655
    2    1
 -0.06256519  -0.06382038    -0.04407594   0.14453492    -0.04349863  -0.04626674
 -0.04407594   0.14453492    -0.06256519  -0.06382038    -0.04349863  -0.04626674
 -0.04349863  -0.04626674    -0.04349863  -0.04626674    -0.06083899  -0.08242655
    2    2
  0.25626282   0.00000000     0.00665610   0.00000000    -0.00672010  -0.00846915
  0.00665610   0.00000000     0.25626282   0.00000000    -0.00672010  -0.00846915
 -0.00672010   0.00846915    -0.00672010   0.00846915     0.30837400   0.00000000

     Dynamical  Matrix in cartesian axes

     q = (    0.750000000  -0.750000000   0.250000000 ) 

    1    1
  0.25626282   0.00000000    -0.00665610   0.00000000     0.00672010  -0.00846915
 -0.00665610   0.00000000     0.25626282   0.00000000    -0.00672010   0.00846915
  0.00672010   0.00846915    -0.00672010  -0.00846915     0.30837400   0.00000000
    1    2
 -0.06382038  -0.06256519    -0.14453492   0.04407594     0.04626674   0.04349863
 -0.14453492   0.04407594    -0.06382038  -0.06256519    -0.04626674  -0.04349863
  0.04626674   0.04349863    -0.04626674  -0.04349863    -0.08242655  -0.06083899
    2    1
 -0.06382038   0.06256519    -0.14453492  -0.04407594     0.04626674  -0.04349863
 -0.14453492  -0.04407594    -0.06382038   0.06256519    -0.04626674   0.04349863
  0.04626674  -0.04349863    -0.04626674   0.04349863    -0.08242655   0.06083899
    2    2
  0.25626282   0.00000000    -0.00665610   0.00000000     0.00672010   0.00846915
 -0.00665610   0.00000000     0.25626282   0.00000000    -0.00672010  -0.00846915
  0.00672010  -0.00846915    -0.00672010   0.00846915     0.30837400   0.00000000

     Dynamical  Matrix in cartesian axes

     q = (   -0.750000000  -0.750000000  -0.250000000 ) 

    1    1
  0.25626282   0.00000000     0.00665610   0.00000000     0.00672010  -0.00846915
  0.00665610   0.00000000     0.25626282   0.00000000     0.00672010  -0.00846915
  0.00672010   0.00846915     0.00672010   0.00846915     0.30837400   0.00000000
    1    2
  0.06382038   0.06256519    -0.14453492   0.04407594    -0.04626674  -0.04349863
 -0.14453492   0.04407594     0.06382038   0.06256519    -0.04626674  -0.04349863
 -0.04626674  -0.04349863    -0.04626674  -0.04349863     0.08242655   0.06083899
    2    1
  0.06382038  -0.06256519    -0.14453492  -0.04407594    -0.04626674   0.04349863
 -0.14453492  -0.04407594     0.06382038  -0.06256519    -0.04626674   0.04349863
 -0.04626674   0.04349863    -0.04626674   0.04349863     0.08242655  -0.06083899
    2    2
  0.25626282   0.00000000     0.00665610   0.00000000     0.00672010   0.00846915
  0.00665610   0.00000000     0.25626282   0.00000000     0.00672010   0.00846915
  0.00672010  -0.00846915     0.00672010  -0.00846915     0.30837400   0.00000000

     Dynamical  Matrix in cartesian axes

     q = (    0.250000000  -0.750000000   0.750000000 ) 

    1    1
  0.30837400   0.00000000    -0.00672010  -0.00846915     0.00672010   0.00846915
 -0.00672010   0.00846915     0.25626282   0.00000000    -0.00665610   0.00000000
  0.00672010  -0.00846915    -0.00665610   0.00000000     0.25626282   0.00000000
    1    2
 -0.08242655  -0.06083899    -0.04626674  -0.04349863     0.04626674   0.04349863
 -0.04626674  -0.04349863    -0.06382038  -0.06256519    -0.14453492   0.04407594
  0.04626674   0.04349863    -0.14453492   0.04407594    -0.06382038  -0.06256519
    2    1
 -0.08242655   0.06083899    -0.04626674   0.04349863     0.04626674  -0.04349863
 -0.04626674   0.04349863    -0.06382038   0.06256519    -0.14453492  -0.04407594
  0.04626674  -0.04349863    -0.14453492  -0.04407594    -0.06382038   0.06256519
    2    2
  0.30837400   0.00000000    -0.00672010   0.00846915     0.00672010  -0.00846915
 -0.00672010  -0.00846915     0.25626282   0.00000000    -0.00665610   0.00000000
  0.00672010   0.00846915    -0.00665610   0.00000000     0.25626282   0.00000000

     Dynamical  Matrix in cartesian axes

     q = (   -0.750000000  -0.750000000   0.250000000 ) 

    1    1
  0.25626282   0.00000000     0.00665610   0.00000000    -0.00672010  -0.00846915
  0.00665610   0.00000000     0.25626282   0.00000000    -0.00672010  -0.00846915
 -0.00672010   0.00846915    -0.00672010   0.00846915     0.30837400   0.00000000
    1    2
 -0.06256519  -0.06382038    -0.04407594   0.14453492    -0.04349863  -0.04626674
 -0.04407594   0.14453492    -0.06256519  -0.06382038    -0.04349863  -0.04626674
 -0.04349863  -0.04626674    -0.04349863  -0.04626674    -0.06083899  -0.08242655
    2    1
 -0.06256519   0.06382038    -0.04407594  -0.14453492    -0.04349863   0.04626674
 -0.04407594  -0.14453492    -0.06256519   0.06382038    -0.04349863   0.04626674
 -0.04349863   0.04626674    -0.04349863   0.04626674    -0.06083899   0.08242655
    2    2
  0.25626282   0.00000000     0.00665610   0.00000000    -0.00672010   0.00846915
  0.00665610   0.00000000     0.25626282   0.00000000    -0.00672010   0.00846915
 -0.00672010  -0.00846915    -0.00672010  -0.00846915     0.30837400   0.00000000

     Dynamical  Matrix in cartesian axes

     q = (    0.250000000   0.750000000   0.750000000 ) 

    1    1
  0.30837400   0.00000000     0.00672010  -0.00846915     0.00672010  -0.00846915
  0.00672010   0.00846915     0.25626282   0.00000000     0.00665610   0.00000000
  0.00672010   0.00846915     0.00665610   0.00000000     0.25626282   0.00000000
    1    2
  0.08242655  -0.06083899    -0.04626674   0.04349863    -0.04626674   0.04349863
 -0.04626674   0.04349863     0.06382038  -0.06256519    -0.14453492  -0.04407594
 -0.04626674   0.04349863    -0.14453492  -0.04407594     0.06382038  -0.06256519
    2    1
  0.08242655   0.06083899    -0.04626674  -0.04349863    -0.04626674  -0.04349863
 -0.04626674  -0.04349863     0.06382038   0.06256519    -0.14453492   0.04407594
 -0.04626674  -0.04349863    -0.14453492   0.04407594     0.06382038   0.06256519
    2    2
  0.30837400   0.00000000     0.00672010   0.00846915     0.00672010   0.00846915
  0.00672010  -0.00846915     0.25626282   0.00000000     0.00665610   0.00000000
  0.00672010  -0.00846915     0.00665610   0.00000000     0.25626282   0.00000000

     Dynamical  Matrix in cartesian axes

     q = (   -0.250000000  -0.750000000   0.750000000 ) 

    1    1
  0.30837400   0.00000000     0.00672010  -0.00846915    -0.00672010   0.00846915
  0.00672010   0.00846915     0.25626282   0.00000000    -0.00665610   0.00000000
 -0.00672010  -0.00846915    -0.00665610   0.00000000     0.25626282   0.00000000
    1    2
 -0.08242655   0.06083899     0.04626674  -0.04349863    -0.04626674   0.04349863
  0.04626674  -0.04349863    -0.06382038   0.06256519    -0.14453492  -0.04407594
 -0.04626674   0.04349863    -0.14453492  -0.04407594    -0.06382038   0.06256519
    2    1
 -0.08242655  -0.06083899     0.04626674   0.04349863    -0.04626674  -0.04349863
  0.04626674   0.04349863    -0.06382038  -0.06256519    -0.14453492   0.04407594
 -0.04626674  -0.04349863    -0.14453492   0.04407594    -0.06382038  -0.06256519
    2    2
  0.30837400   0.00000000     0.00672010   0.00846915    -0.00672010  -0.00846915
  0.00672010  -0.00846915     0.25626282   0.00000000    -0.00665610   0.00000000
 -0.00672010   0.00846915    -0.00665610   0.00000000     0.25626282   0.00000000

     Dynamical  Matrix in cartesian axes

     q = (    0.750000000   0.750000000   0.250000000 ) 

    1    1
  0.25626282   0.00000000     0.00665610   0.00000000     0.00672010   0.00846915
  0.00665610   0.00000000     0.25626282   0.00000000     0.00672010   0.00846915
  0.00672010  -0.00846915     0.00672010  -0.00846915     0.30837400   0.00000000
    1    2
  0.06382038  -0.06256519    -0.14453492  -0.04407594    -0.04626674   0.04349863
 -0.14453492  -0.04407594     0.06382038  -0.06256519    -0.04626674   0.04349863
 -0.04626674   0.04349863    -0.04626674   0.04349863     0.08242655  -0.06083899
    2    1
  0.06382038   0.06256519    -0.14453492   0.04407594    -0.04626674  -0.04349863
 -0.14453492   0.04407594     0.06382038   0.06256519    -0.04626674  -0.04349863
 -0.04626674  -0.04349863    -0.04626674  -0.04349863     0.08242655   0.06083899
    2    2
  0.25626282   0.00000000     0.00665610   0.00000000     0.00672010  -0.00846915
  0.00665610   0.00000000     0.25626282   0.00000000     0.00672010  -0.00846915
  0.00672010   0.00846915     0.00672010   0.00846915     0.30837400   0.00000000

     Dynamical  Matrix in cartesian axes

     q = (    0.250000000  -0.750000000  -0.750000000 ) 

    1    1
  0.30837400   0.00000000    -0.00672010   0.00846915    -0.00672010   0.00846915
 -0.00672010  -0.00846915     0.25626282   0.00000000     0.00665610   0.00000000
 -0.00672010  -0.00846915     0.00665610   0.00000000     0.25626282   0.00000000
    1    2
 -0.06083899  -0.08242655    -0.04349863  -0.04626674    -0.04349863  -0.04626674
 -0.04349863  -0.04626674    -0.06256519  -0.06382038    -0.04407594   0.14453492
 -0.04349863  -0.04626674    -0.04407594   0.14453492    -0.06256519  -0.06382038
    2    1
 -0.06083899   0.08242655    -0.04349863   0.04626674    -0.04349863   0.04626674
 -0.04349863   0.04626674    -0.06256519   0.06382038    -0.04407594  -0.14453492
 -0.04349863   0.04626674    -0.04407594  -0.14453492    -0.06256519   0.06382038
    2    2
  0.30837400   0.00000000    -0.00672010  -0.00846915    -0.00672010  -0.00846915
 -0.00672010   0.00846915     0.25626282   0.00000000     0.00665610   0.00000000
 -0.00672010   0.00846915     0.00665610   0.00000000     0.25626282   0.00000000

     Dynamical  Matrix in cartesian axes

     q = (    0.750000000  -0.750000000  -0.250000000 ) 

    1    1
  0.25626282   0.00000000    -0.00665610   0.00000000    -0.00672010  -0.00846915
 -0.00665610   0.00000000     0.25626282   0.00000000     0.00672010   0.00846915
 -0.00672010   0.00846915     0.00672010  -0.00846915     0.30837400   0.00000000
    1    2
 -0.06382038   0.06256519    -0.14453492  -0.04407594    -0.04626674   0.04349863
 -0.14453492  -0.04407594    -0.06382038   0.06256519     0.04626674  -0.04349863
 -0.04626674   0.04349863     0.04626674  -0.04349863    -0.08242655   0.06083899
    2    1
 -0.06382038  -0.06256519    -0.14453492   0.04407594    -0.04626674  -0.04349863
 -0.14453492   0.04407594    -0.06382038  -0.06256519     0.04626674   0.04349863
 -0.04626674  -0.04349863     0.04626674   0.04349863    -0.08242655  -0.06083899
    2    2
  0.25626282   0.00000000    -0.00665610   0.00000000    -0.00672010   0.00846915
 -0.00665610   0.00000000     0.25626282   0.00000000     0.00672010  -0.00846915
 -0.00672010  -0.00846915     0.00672010   0.00846915     0.30837400   0.00000000

     Diagonalizing the dynamical matrix

     q = (    0.750000000  -0.250000000   0.750000000 ) 

 **************************************************************************
     freq (    1) =       4.134615 [THz] =     137.915920 [cm-1]
 ( -0.044196  0.498043 -0.000000  0.000000  0.044196 -0.498043 ) 
 ( -0.500000  0.000000 -0.000000 -0.000000  0.500000  0.000000 ) 
     freq (    2) =       5.908423 [THz] =     197.083764 [cm-1]
 (  0.388328  0.169675  0.342972 -0.152296  0.388328  0.169675 ) 
 (  0.423778 -0.000000  0.253304  0.276877  0.423778  0.000000 ) 
     freq (    3) =       9.507319 [THz] =     317.130036 [cm-1]
 (  0.125694 -0.283745  0.370144  0.412762  0.125694 -0.283745 ) 
 ( -0.310339 -0.000000  0.227475  0.505603 -0.310339  0.000000 ) 
     freq (    4) =      12.346869 [THz] =     411.847209 [cm-1]
 ( -0.060253 -0.314111  0.403360  0.364292 -0.060253 -0.314111 ) 
 (  0.319838 -0.000000 -0.433756 -0.327511  0.319838  0.000000 ) 
     freq (    5) =      13.927447 [THz] =     464.569622 [cm-1]
 ( -0.044196  0.498043  0.000000 -0.000000  0.044196 -0.498043 ) 
 (  0.500000  0.000000 -0.000000 -0.000000 -0.500000  0.000000 ) 
     freq (    6) =      14.329853 [THz] =     477.992457 [cm-1]
 ( -0.304539 -0.170475 -0.456964  0.218110 -0.304539 -0.170475 ) 
 (  0.349007  0.000000  0.292204  0.413528  0.349007  0.000000 ) 
 **************************************************************************
