Dynamical matrix file
Phonons on a uniform q-grid                                                
  1    2   2  10.2000000   0.0000000   0.0000000   0.0000000   0.0000000   0.0000000
           1  'Si  '    25598.367289828169     
    1    1      0.0000000000      0.0000000000      0.0000000000
    2    1      0.2500000000      0.2500000000      0.2500000000

     Dynamical  Matrix in cartesian axes

     q = (   -0.250000000   0.250000000  -0.250000000 ) 

    1    1
  0.27912318   0.00000000    -0.01202923   0.00000000     0.01202923   0.00000000
 -0.01202923   0.00000000     0.27912318   0.00000000    -0.01202923   0.00000000
  0.01202923   0.00000000    -0.01202923   0.00000000     0.27912318   0.00000000
    1    2
 -0.20673051  -0.06037467    -0.04110816   0.04241044     0.04110816  -0.04241044
 -0.04110816   0.04241044    -0.20673051  -0.06037467    -0.04110816   0.04241044
  0.04110816  -0.04241044    -0.04110816   0.04241044    -0.20673051  -0.06037467
    2    1
 -0.20673051   0.06037467    -0.04110816  -0.04241044     0.04110816   0.04241044
 -0.04110816  -0.04241044    -0.20673051   0.06037467    -0.04110816  -0.04241044
  0.04110816   0.04241044    -0.04110816  -0.04241044    -0.20673051   0.06037467
    2    2
  0.27912318   0.00000000    -0.01202923   0.00000000     0.01202923   0.00000000
 -0.01202923   0.00000000     0.27912318   0.00000000    -0.01202923   0.00000000
  0.01202923   0.00000000    -0.01202923   0.00000000     0.27912318   0.00000000

     Dynamical  Matrix in cartesian axes

     q = (    0.250000000  -0.250000000  -0.250000000 ) 

    1    1
  0.27912318   0.00000000    -0.01202923   0.00000000    -0.01202923   0.00000000
 -0.01202923   0.00000000     0.27912318   0.00000000     0.01202923   0.00000000
 -0.01202923   0.00000000     0.01202923   0.00000000     0.27912318   0.00000000
    1    2
 -0.20673051  -0.06037467    -0.04110816   0.04241044    -0.04110816   0.04241044
 -0.04110816   0.04241044    -0.20673051  -0.06037467     0.04110816  -0.04241044
 -0.04110816   0.04241044     0.04110816  -0.04241044    -0.20673051  -0.06037467
    2    1
 -0.20673051   0.06037467    -0.04110816  -0.04241044    -0.04110816  -0.04241044
 -0.04110816  -0.04241044    -0.20673051   0.06037467     0.04110816   0.04241044
 -0.04110816  -0.04241044     0.04110816   0.04241044    -0.20673051   0.06037467
    2    2
  0.27912318   0.00000000    -0.01202923   0.00000000    -0.01202923   0.00000000
 -0.01202923   0.00000000     0.27912318   0.00000000     0.01202923   0.00000000
 -0.01202923   0.00000000     0.01202923   0.00000000     0.27912318   0.00000000

     Dynamical  Matrix in cartesian axes

     q = (    0.250000000  -0.250000000   0.250000000 ) 

    1    1
  0.27912318   0.00000000    -0.01202923   0.00000000     0.01202923   0.00000000
 -0.01202923   0.00000000     0.27912318   0.00000000    -0.01202923   0.00000000
  0.01202923   0.00000000    -0.01202923   0.00000000     0.27912318   0.00000000
    1    2
 -0.20673051   0.06037467    -0.04110816  -0.04241044     0.04110816   0.04241044
 -0.04110816  -0.04241044    -0.20673051   0.06037467    -0.04110816  -0.04241044
  0.04110816   0.04241044    -0.04110816  -0.04241044    -0.20673051   0.06037467
    2    1
 -0.20673051  -0.06037467    -0.04110816   0.04241044     0.04110816  -0.04241044
 -0.04110816   0.04241044    -0.20673051  -0.06037467    -0.04110816   0.04241044
  0.04110816  -0.04241044    -0.04110816   0.04241044    -0.20673051  -0.06037467
    2    2
  0.27912318   0.00000000    -0.01202923   0.00000000     0.01202923   0.00000000
 -0.01202923   0.00000000     0.27912318   0.00000000    -0.01202923   0.00000000
  0.01202923   0.00000000    -0.01202923   0.00000000     0.27912318   0.00000000

     Dynamical  Matrix in cartesian axes

     q = (    0.250000000   0.250000000   0.250000000 ) 

    1    1
  0.27912318   0.00000000     0.01202923   0.00000000     0.01202923   0.00000000
  0.01202923   0.00000000     0.27912318   0.00000000     0.01202923   0.00000000
  0.01202923   0.00000000     0.01202923   0.00000000     0.27912318   0.00000000
    1    2
 -0.06037467   0.20673051    -0.04241044  -0.04110816    -0.04241044  -0.04110816
 -0.04241044  -0.04110816    -0.06037467   0.20673051    -0.04241044  -0.04110816
 -0.04241044  -0.04110816    -0.04241044  -0.04110816    -0.06037467   0.20673051
    2    1
 -0.06037467  -0.20673051    -0.04241044   0.04110816    -0.04241044   0.04110816
 -0.04241044   0.04110816    -0.06037467  -0.20673051    -0.04241044   0.04110816
 -0.04241044   0.04110816    -0.04241044   0.04110816    -0.06037467  -0.20673051
    2    2
  0.27912318   0.00000000     0.01202923   0.00000000     0.01202923   0.00000000
  0.01202923   0.00000000     0.27912318   0.00000000     0.01202923   0.00000000
  0.01202923   0.00000000     0.01202923   0.00000000     0.27912318   0.00000000

     Dynamical  Matrix in cartesian axes

     q = (   -0.250000000  -0.250000000  -0.250000000 ) 

    1    1
  0.27912318   0.00000000     0.01202923   0.00000000     0.01202923   0.00000000
  0.01202923   0.00000000     0.27912318   0.00000000     0.01202923   0.00000000
  0.01202923   0.00000000     0.01202923   0.00000000     0.27912318   0.00000000
    1    2
 -0.06037467  -0.20673051    -0.04241044   0.04110816    -0.04241044   0.04110816
 -0.04241044   0.04110816    -0.06037467  -0.20673051    -0.04241044   0.04110816
 -0.04241044   0.04110816    -0.04241044   0.04110816    -0.06037467  -0.20673051
    2    1
 -0.06037467   0.20673051    -0.04241044  -0.04110816    -0.04241044  -0.04110816
 -0.04241044  -0.04110816    -0.06037467   0.20673051    -0.04241044  -0.04110816
 -0.04241044  -0.04110816    -0.04241044  -0.04110816    -0.06037467   0.20673051
    2    2
  0.27912318   0.00000000     0.01202923   0.00000000     0.01202923   0.00000000
  0.01202923   0.00000000     0.27912318   0.00000000     0.01202923   0.00000000
  0.01202923   0.00000000     0.01202923   0.00000000     0.27912318   0.00000000

     Dynamical  Matrix in cartesian axes

     q = (   -0.250000000  -0.250000000   0.250000000 ) 

    1    1
  0.27912318   0.00000000     0.01202923   0.00000000    -0.01202923   0.00000000
  0.01202923   0.00000000     0.27912318   0.00000000    -0.01202923   0.00000000
 -0.01202923   0.00000000    -0.01202923   0.00000000     0.27912318   0.00000000
    1    2
 -0.20673051  -0.06037467     0.04110816  -0.04241044    -0.04110816   0.04241044
  0.04110816  -0.04241044    -0.20673051  -0.06037467    -0.04110816   0.04241044
 -0.04110816   0.04241044    -0.04110816   0.04241044    -0.20673051  -0.06037467
    2    1
 -0.20673051   0.06037467     0.04110816   0.04241044    -0.04110816  -0.04241044
  0.04110816   0.04241044    -0.20673051   0.06037467    -0.04110816  -0.04241044
 -0.04110816  -0.04241044    -0.04110816  -0.04241044    -0.20673051   0.06037467
    2    2
  0.27912318   0.00000000     0.01202923   0.00000000    -0.01202923   0.00000000
  0.01202923   0.00000000     0.27912318   0.00000000    -0.01202923   0.00000000
 -0.01202923   0.00000000    -0.01202923   0.00000000     0.27912318   0.00000000

     Dynamical  Matrix in cartesian axes

     q = (   -0.250000000   0.250000000   0.250000000 ) 

    1    1
  0.27912318   0.00000000    -0.01202923   0.00000000    -0.01202923   0.00000000
 -0.01202923   0.00000000     0.27912318   0.00000000     0.01202923   0.00000000
 -0.01202923   0.00000000     0.01202923   0.00000000     0.27912318   0.00000000
    1    2
 -0.20673051   0.06037467    -0.04110816  -0.04241044    -0.04110816  -0.04241044
 -0.04110816  -0.04241044    -0.20673051   0.06037467     0.04110816   0.04241044
 -0.04110816  -0.04241044     0.04110816   0.04241044    -0.20673051   0.06037467
    2    1
 -0.20673051  -0.06037467    -0.04110816   0.04241044    -0.04110816   0.04241044
 -0.04110816   0.04241044    -0.20673051  -0.06037467     0.04110816  -0.04241044
 -0.04110816   0.04241044     0.04110816  -0.04241044    -0.20673051  -0.06037467
    2    2
  0.27912318   0.00000000    -0.01202923   0.00000000    -0.01202923   0.00000000
 -0.01202923   0.00000000     0.27912318   0.00000000     0.01202923   0.00000000
 -0.01202923   0.00000000     0.01202923   0.00000000     0.27912318   0.00000000

     Dynamical  Matrix in cartesian axes

     q = (    0.250000000   0.250000000  -0.250000000 ) 

    1    1
  0.27912318   0.00000000     0.01202923   0.00000000    -0.01202923   0.00000000
  0.01202923   0.00000000     0.27912318   0.00000000    -0.01202923   0.00000000
 -0.01202923   0.00000000    -0.01202923   0.00000000     0.27912318   0.00000000
    1    2
 -0.20673051   0.06037467     0.04110816   0.04241044    -0.04110816  -0.04241044
  0.04110816   0.04241044    -0.20673051   0.06037467    -0.04110816  -0.04241044
 -0.04110816  -0.04241044    -0.04110816  -0.04241044    -0.20673051   0.06037467
    2    1
 -0.20673051  -0.06037467     0.04110816  -0.04241044    -0.04110816   0.04241044
  0.04110816  -0.04241044    -0.20673051  -0.06037467    -0.04110816   0.04241044
 -0.04110816   0.04241044    -0.04110816   0.04241044    -0.20673051  -0.06037467
    2    2
  0.27912318   0.00000000     0.01202923   0.00000000    -0.01202923   0.00000000
  0.01202923   0.00000000     0.27912318   0.00000000    -0.01202923   0.00000000
 -0.01202923   0.00000000    -0.01202923   0.00000000     0.27912318   0.00000000

     Diagonalizing the dynamical matrix

     q = (   -0.250000000   0.250000000  -0.250000000 ) 

 **************************************************************************
     freq (    1) =       2.804688 [THz] =      93.554337 [cm-1]
 (  0.067411  0.064868 -0.459653  0.026664 -0.527064 -0.038203 ) 
 (  0.071924  0.059825 -0.456523  0.059825 -0.528447  0.000000 ) 
     freq (    2) =       2.804688 [THz] =      93.554337 [cm-1]
 (  0.561643 -0.095595  0.329706 -0.112407 -0.231937 -0.016812 ) 
 (  0.553262 -0.135948  0.320717 -0.135948 -0.232545  0.000000 ) 
     freq (    3) =       6.878597 [THz] =     229.445296 [cm-1]
 ( -0.265759 -0.309901  0.265759  0.309901 -0.265759 -0.309901 ) 
 ( -0.408248  0.000000  0.408248 -0.000000 -0.408248  0.000000 ) 
     freq (    4) =      14.458802 [THz] =     482.293735 [cm-1]
 (  0.265759  0.309901 -0.265759 -0.309901  0.265759  0.309901 ) 
 ( -0.408248 -0.000000  0.408248  0.000000 -0.408248  0.000000 ) 
     freq (    5) =      14.764479 [THz] =     492.490004 [cm-1]
 (  0.287918  0.020887 -0.287922 -0.020852 -0.575840 -0.041739 ) 
 ( -0.288675 -0.000017  0.288676 -0.000017  0.577350  0.000000 ) 
     freq (    6) =      14.764479 [THz] =     492.490004 [cm-1]
 (  0.050971 -0.497395  0.050951 -0.497397 -0.000020 -0.000001 ) 
 ( -0.014879  0.499779 -0.014859  0.499779  0.000020  0.000000 ) 
 **************************************************************************
