
     Program PWSCF v.7.2 starts on 24May2023 at 13:27:22 

     This program is part of the open-source Quantum ESPRESSO suite
     for quantum simulation of materials; please cite
         "P. Giannozzi et al., J. Phys.:Condens. Matter 21 395502 (2009);
         "P. Giannozzi et al., J. Phys.:Condens. Matter 29 465901 (2017);
         "P. Giannozzi et al., J. Chem. Phys. 152 154105 (2020);
          URL http://www.quantum-espresso.org", 
     in publications or presentations arising from this work. More details at
     http://www.quantum-espresso.org/quote

     Parallel version (MPI), running on     1 processors

     MPI processes distributed on     1 nodes
     378 MiB available memory on the printing compute node when the environment starts

     Waiting for input...
     Reading input from standard input

     Current dimensions of program PWSCF are:
     Max number of different atomic species (ntypx) = 10
     Max number of k-points (npk) =  40000
     Max angular momentum in pseudopotentials (lmaxx) =  4
     Message from routine volume:
     axis vectors are left-handed
     file O.pbesol-n-kjpaw_psl.0.1.UPF: wavefunction(s)  2P renormalized
     Message from routine setup:
     using ibrav=0 with symmetry is DISCOURAGED, use correct ibrav instead

     Subspace diagonalization in iterative solution of the eigenvalue problem:
     a serial algorithm will be used


     G-vector sticks info
     --------------------
     sticks:   dense  smooth     PW     G-vecs:    dense   smooth      PW
     Sum        1167     587    195                18569     6541    1269

     Using Slab Decomposition



     bravais-lattice index     =            0
     lattice parameter (alat)  =       8.0000  a.u.
     unit-cell volume          =     235.7543 (a.u.)^3
     number of atoms/cell      =            4
     number of atomic types    =            3
     number of electrons       =        46.00
     number of Kohn-Sham states=           40
     kinetic-energy cutoff     =      35.0000  Ry
     charge density cutoff     =     280.0000  Ry
     scf convergence threshold =      1.0E-10
     mixing beta               =       0.7000
     number of iterations used =            8  plain     mixing
     Exchange-correlation= SLA  PW   PSX  PSC
                           (   1   4  10   8   0   0   0)
     Hubbard projectors: ortho-atomic
     Hubbard parameters of DFT+U (Dudarev formulation) in eV:
     U(Co1-3d) =  6.8000
     U(Co2-3d) =  6.8000

     Internal variables: lda_plus_u =T, lda_plus_u_kind = 0

     celldm(1)=   8.000000  celldm(2)=   0.000000  celldm(3)=   0.000000
     celldm(4)=   0.000000  celldm(5)=   0.000000  celldm(6)=   0.000000

     crystal axes: (cart. coord. in units of alat)
               a(1) = (   0.570726   0.570726   1.031099 )  
               a(2) = (   0.570726   1.031099   0.570726 )  
               a(3) = (   1.031099   0.570726   0.570726 )  

     reciprocal axes: (cart. coord. in units 2 pi/alat)
               b(1) = ( -0.570621 -0.570621  1.601531 )  
               b(2) = ( -0.570621  1.601531 -0.570621 )  
               b(3) = (  1.601531 -0.570621 -0.570621 )  


     PseudoPot. # 1 for Co read from file:
     ../../pseudo/co_pbesol_v1.2.uspp.F.UPF
     MD5 check sum: 3b4cd4e7cc7df4da9fdede0fd33e2193
     Pseudo is Ultrasoft + core correction, Zval = 17.0
     Generated by new atomic code, or converted to UPF format
     Using radial grid of  863 points,  6 beta functions with: 
                l(1) =   0
                l(2) =   0
                l(3) =   1
                l(4) =   1
                l(5) =   2
                l(6) =   2
     Q(r) pseudized with  8 coefficients,  rinner =    1.200   1.200   1.200
                                                       1.200   1.200

     PseudoPot. # 2 for Co read from file:
     ../../pseudo/co_pbesol_v1.2.uspp.F.UPF
     MD5 check sum: 3b4cd4e7cc7df4da9fdede0fd33e2193
     Pseudo is Ultrasoft + core correction, Zval = 17.0
     Generated by new atomic code, or converted to UPF format
     Using radial grid of  863 points,  6 beta functions with: 
                l(1) =   0
                l(2) =   0
                l(3) =   1
                l(4) =   1
                l(5) =   2
                l(6) =   2
     Q(r) pseudized with  8 coefficients,  rinner =    1.200   1.200   1.200
                                                       1.200   1.200

     PseudoPot. # 3 for O  read from file:
     ../../pseudo/O.pbesol-n-kjpaw_psl.0.1.UPF
     MD5 check sum: 81d73d1479e654e5638b0319f0d6c2c7
     Pseudo is Projector augmented-wave + core cor, Zval =  6.0
     Generated using "atomic" code by A. Dal Corso  v.6.0 svn rev. 13079
     Shape of augmentation charge: BESSEL
     Using radial grid of 1095 points,  4 beta functions with: 
                l(1) =   0
                l(2) =   0
                l(3) =   1
                l(4) =   1
     Q(r) pseudized with 0 coefficients 


     atomic species   valence    mass     pseudopotential
        Co1           17.00    58.93319     Co( 1.00)
        Co2           17.00    58.93319     Co( 1.00)
        O              6.00    15.99900     O ( 1.00)

     Starting magnetic structure 
     atomic species   magnetization
        Co1          0.500
        Co2         -0.500
        O            0.000

     12 Sym. Ops., with inversion, found


                                    s                        frac. trans.

      isym =  1     identity                                     

 cryst.   s( 1) = (     1          0          0      )
                  (     0          1          0      )
                  (     0          0          1      )

 cart.    s( 1) = (  1.0000000  0.0000000  0.0000000 )
                  (  0.0000000  1.0000000  0.0000000 )
                  (  0.0000000  0.0000000  1.0000000 )


      isym =  2     180 deg rotation - cart. axis [1,-1,0]       

 cryst.   s( 2) = (    -1          0          0      )
                  (     0          0         -1      )
                  (     0         -1          0      )

 cart.    s( 2) = ( -0.0000000 -1.0000000 -0.0000000 )
                  ( -1.0000000 -0.0000000 -0.0000000 )
                  ( -0.0000000 -0.0000000 -1.0000000 )


      isym =  3     180 deg rotation - cart. axis [-1,0,1]       

 cryst.   s( 3) = (     0          0         -1      )
                  (     0         -1          0      )
                  (    -1          0          0      )

 cart.    s( 3) = ( -0.0000000 -0.0000000 -1.0000000 )
                  ( -0.0000000 -1.0000000 -0.0000000 )
                  ( -1.0000000 -0.0000000 -0.0000000 )


      isym =  4     180 deg rotation - cart. axis [0,1,-1]       

 cryst.   s( 4) = (     0         -1          0      )
                  (    -1          0          0      )
                  (     0          0         -1      )

 cart.    s( 4) = ( -1.0000000 -0.0000000 -0.0000000 )
                  ( -0.0000000 -0.0000000 -1.0000000 )
                  ( -0.0000000 -1.0000000 -0.0000000 )


      isym =  5     120 deg rotation - cart. axis [-1,-1,-1]     

 cryst.   s( 5) = (     0          1          0      )
                  (     0          0          1      )
                  (     1          0          0      )

 cart.    s( 5) = (  0.0000000  1.0000000  0.0000000 )
                  (  0.0000000  0.0000000  1.0000000 )
                  (  1.0000000  0.0000000  0.0000000 )


      isym =  6     120 deg rotation - cart. axis [1,1,1]        

 cryst.   s( 6) = (     0          0          1      )
                  (     1          0          0      )
                  (     0          1          0      )

 cart.    s( 6) = (  0.0000000  0.0000000  1.0000000 )
                  (  1.0000000  0.0000000  0.0000000 )
                  (  0.0000000  1.0000000  0.0000000 )


      isym =  7     inversion                                    

 cryst.   s( 7) = (    -1          0          0      )
                  (     0         -1          0      )
                  (     0          0         -1      )

 cart.    s( 7) = ( -1.0000000 -0.0000000 -0.0000000 )
                  ( -0.0000000 -1.0000000 -0.0000000 )
                  ( -0.0000000 -0.0000000 -1.0000000 )


      isym =  8     inv. 180 deg rotation - cart. axis [1,-1,0]  

 cryst.   s( 8) = (     1          0          0      )
                  (     0          0          1      )
                  (     0          1          0      )

 cart.    s( 8) = (  0.0000000  1.0000000  0.0000000 )
                  (  1.0000000  0.0000000  0.0000000 )
                  (  0.0000000  0.0000000  1.0000000 )


      isym =  9     inv. 180 deg rotation - cart. axis [-1,0,1]  

 cryst.   s( 9) = (     0          0          1      )
                  (     0          1          0      )
                  (     1          0          0      )

 cart.    s( 9) = (  0.0000000  0.0000000  1.0000000 )
                  (  0.0000000  1.0000000  0.0000000 )
                  (  1.0000000  0.0000000  0.0000000 )


      isym = 10     inv. 180 deg rotation - cart. axis [0,1,-1]  

 cryst.   s(10) = (     0          1          0      )
                  (     1          0          0      )
                  (     0          0          1      )

 cart.    s(10) = (  1.0000000  0.0000000  0.0000000 )
                  (  0.0000000  0.0000000  1.0000000 )
                  (  0.0000000  1.0000000  0.0000000 )


      isym = 11     inv. 120 deg rotation - cart. axis [-1,-1,-1]

 cryst.   s(11) = (     0         -1          0      )
                  (     0          0         -1      )
                  (    -1          0          0      )

 cart.    s(11) = ( -0.0000000 -1.0000000 -0.0000000 )
                  ( -0.0000000 -0.0000000 -1.0000000 )
                  ( -1.0000000 -0.0000000 -0.0000000 )


      isym = 12     inv. 120 deg rotation - cart. axis [1,1,1]   

 cryst.   s(12) = (     0          0         -1      )
                  (    -1          0          0      )
                  (     0         -1          0      )

 cart.    s(12) = ( -0.0000000 -0.0000000 -1.0000000 )
                  ( -1.0000000 -0.0000000 -0.0000000 )
                  ( -0.0000000 -1.0000000 -0.0000000 )


   Cartesian axes

     site n.     atom                  positions (alat units)
         1           Co1 tau(   1) = (   0.0000000   0.0000000   0.0000000  )
         2           Co2 tau(   2) = (   1.0862757   1.0862757   1.0862757  )
         3           O   tau(   3) = (   0.5431378   0.5431378   0.5431378  )
         4           O   tau(   4) = (   1.6294135   1.6294135   1.6294135  )

   Crystallographic axes

     site n.     atom                  positions (cryst. coord.)
         1           Co1 tau(   1) = (  0.0000000  0.0000000  0.0000000  )
         2           Co2 tau(   2) = (  0.5000000  0.5000000  0.5000000  )
         3           O   tau(   3) = (  0.2500000  0.2500000  0.2500000  )
         4           O   tau(   4) = (  0.7500000  0.7500000  0.7500000  )

     number of k points=     6  Marzari-Vanderbilt smearing, width (Ry)=  0.0200
                       cart. coord. in units 2pi/alat
        k(    1) = (   0.0000000   0.0000000   0.0000000), wk =   0.0370370
        k(    2) = (   0.5338435  -0.1902071  -0.1902071), wk =   0.2222222
        k(    3) = (   0.3436365   0.3436365  -0.3804141), wk =   0.2222222
        k(    4) = (  -0.7240506   0.7240506   0.0000000), wk =   0.2222222
        k(    5) = (   0.1534294   0.1534294   0.1534294), wk =   0.0740741
        k(    6) = (  -0.9142576   0.5338435   0.5338435), wk =   0.2222222

                       cryst. coord.
        k(    1) = (   0.0000000   0.0000000   0.0000000), wk =   0.0370370
        k(    2) = (   0.0000000   0.0000000   0.3333333), wk =   0.2222222
        k(    3) = (   0.0000000   0.3333333   0.3333333), wk =   0.2222222
        k(    4) = (  -0.0000000   0.3333333  -0.3333333), wk =   0.2222222
        k(    5) = (   0.3333333   0.3333333   0.3333333), wk =   0.0740741
        k(    6) = (   0.3333333   0.3333333  -0.3333333), wk =   0.2222222

     Dense  grid:    18569 G-vectors     FFT dimensions: (  60,  60,  60)

     Smooth grid:     6541 G-vectors     FFT dimensions: (  40,  40,  40)

     Dynamical RAM for                 wfc:       0.50 MB

     Dynamical RAM for     wfc (w. buffer):       6.54 MB

     Dynamical RAM for             U proj.:       0.13 MB

     Dynamical RAM for  U proj. (w. buff.):       1.63 MB

     Dynamical RAM for           str. fact:       0.85 MB

     Dynamical RAM for           local pot:       0.00 MB

     Dynamical RAM for          nlocal pot:       0.65 MB

     Dynamical RAM for                qrad:       4.03 MB

     Dynamical RAM for          rho,v,vnew:      11.59 MB

     Dynamical RAM for               rhoin:       3.86 MB

     Dynamical RAM for            rho*nmix:       9.07 MB

     Dynamical RAM for           G-vectors:       1.11 MB

     Dynamical RAM for          h,s,v(r/c):       0.29 MB

     Dynamical RAM for          <psi|beta>:       0.03 MB

     Dynamical RAM for                 psi:       1.01 MB

     Dynamical RAM for                hpsi:       1.01 MB

     Dynamical RAM for                spsi:       1.01 MB

     Dynamical RAM for      wfcinit/wfcrot:       1.04 MB

     Dynamical RAM for           addusdens:      53.55 MB

     Estimated static dynamical RAM per process >      41.29 MB

     Estimated max dynamical RAM per process >     103.91 MB

     Check: negative core charge=   -0.000041
     Generating pointlists ...
     new r_m :   0.2019 (alat units)  1.6154 (a.u.) for type    1
     new r_m :   0.2019 (alat units)  1.6154 (a.u.) for type    2
     new r_m :   0.2019 (alat units)  1.6154 (a.u.) for type    3

     Initial potential from superposition of free atoms

     starting charge      44.0000, renormalised to      46.0000

     HUBBARD ENERGY =    0.5997  (Ry)

     STARTING HUBBARD OCCUPATIONS:

     =================== HUBBARD OCCUPATIONS ===================
     ------------------------ ATOM    1 ------------------------
     Tr[ns(  1)] (up, down, total) =   5.00000  2.00000  7.00000
     Atomic magnetic moment for atom   1 =   3.00000
     SPIN  1
     eigenvalues:
       1.000  1.000  1.000  1.000  1.000
     eigenvectors (columns):
       1.000  0.000  0.000  0.000  0.000
       0.000  1.000  0.000  0.000  0.000
       0.000  0.000  1.000  0.000  0.000
       0.000  0.000  0.000  1.000  0.000
       0.000  0.000  0.000  0.000  1.000
     occupation matrix ns (before diag.):
       1.000  0.000  0.000  0.000  0.000
       0.000  1.000  0.000  0.000  0.000
       0.000  0.000  1.000  0.000  0.000
       0.000  0.000  0.000  1.000  0.000
       0.000  0.000  0.000  0.000  1.000
     SPIN  2
     eigenvalues:
       0.400  0.400  0.400  0.400  0.400
     eigenvectors (columns):
       1.000  0.000  0.000  0.000  0.000
       0.000  1.000  0.000  0.000  0.000
       0.000  0.000  1.000  0.000  0.000
       0.000  0.000  0.000  1.000  0.000
       0.000  0.000  0.000  0.000  1.000
     occupation matrix ns (before diag.):
       0.400  0.000  0.000  0.000  0.000
       0.000  0.400  0.000  0.000  0.000
       0.000  0.000  0.400  0.000  0.000
       0.000  0.000  0.000  0.400  0.000
       0.000  0.000  0.000  0.000  0.400
     ------------------------ ATOM    2 ------------------------
     Tr[ns(  2)] (up, down, total) =   2.00000  5.00000  7.00000
     Atomic magnetic moment for atom   2 =  -3.00000
     SPIN  1
     eigenvalues:
       0.400  0.400  0.400  0.400  0.400
     eigenvectors (columns):
       1.000  0.000  0.000  0.000  0.000
       0.000  1.000  0.000  0.000  0.000
       0.000  0.000  1.000  0.000  0.000
       0.000  0.000  0.000  1.000  0.000
       0.000  0.000  0.000  0.000  1.000
     occupation matrix ns (before diag.):
       0.400  0.000  0.000  0.000  0.000
       0.000  0.400  0.000  0.000  0.000
       0.000  0.000  0.400  0.000  0.000
       0.000  0.000  0.000  0.400  0.000
       0.000  0.000  0.000  0.000  0.400
     SPIN  2
     eigenvalues:
       1.000  1.000  1.000  1.000  1.000
     eigenvectors (columns):
       1.000  0.000  0.000  0.000  0.000
       0.000  1.000  0.000  0.000  0.000
       0.000  0.000  1.000  0.000  0.000
       0.000  0.000  0.000  1.000  0.000
       0.000  0.000  0.000  0.000  1.000
     occupation matrix ns (before diag.):
       1.000  0.000  0.000  0.000  0.000
       0.000  1.000  0.000  0.000  0.000
       0.000  0.000  1.000  0.000  0.000
       0.000  0.000  0.000  1.000  0.000
       0.000  0.000  0.000  0.000  1.000

     Number of occupied Hubbard levels =   14.0000

     Atomic wfc used for Hubbard projectors are orthogonalized

     Starting wfcs are   34 randomized atomic wfcs +    6 random wfcs
     Checking if some PAW data can be deallocated... 

     total cpu time spent up to now is        3.0 secs

     Self-consistent Calculation

     iteration #  1     ecut=    35.00 Ry     beta= 0.70
     Davidson diagonalization with overlap

---- Real-time Memory Report at c_bands before calling an iterative solver
           117 MiB given to the printing process from OS
             0 MiB allocation reported by mallinfo(arena+hblkhd)
           305 MiB available memory on the node where the printing process lives
------------------
     ethr =  1.00E-02,  avg # of iterations =  5.1

     =================== HUBBARD OCCUPATIONS ===================
     ------------------------ ATOM    1 ------------------------
     Tr[ns(  1)] (up, down, total) =   4.84556  0.67098  5.51654
     Atomic magnetic moment for atom   1 =   4.17458
     SPIN  1
     eigenvalues:
       0.956  0.956  0.966  0.984  0.984
     eigenvectors (columns):
      -0.134  0.032 -0.000 -0.508 -0.850
      -0.556 -0.588 -0.577 -0.055  0.098
      -0.231  0.775 -0.577  0.112 -0.002
      -0.032 -0.134  0.000  0.850 -0.508
      -0.787  0.187  0.577  0.058  0.096
     occupation matrix ns (before diag.):
       0.984 -0.002 -0.002  0.000 -0.003
      -0.002  0.959  0.003 -0.003 -0.003
      -0.002  0.003  0.959  0.003 -0.003
       0.000 -0.003  0.003  0.984 -0.000
      -0.003 -0.003 -0.003 -0.000  0.959
     SPIN  2
     eigenvalues:
       0.051  0.051  0.174  0.197  0.197
     eigenvectors (columns):
       0.495  0.858  0.000  0.130  0.033
       0.055 -0.095 -0.577  0.564 -0.580
      -0.110 -0.000 -0.577  0.220  0.779
      -0.858  0.495 -0.000  0.033 -0.130
      -0.055 -0.095  0.577  0.784  0.199
     occupation matrix ns (before diag.):
       0.054  0.008  0.008  0.000  0.016
       0.008  0.188 -0.007  0.014  0.007
       0.008 -0.007  0.188 -0.014  0.007
       0.000  0.014 -0.014  0.054 -0.000
       0.016  0.007  0.007 -0.000  0.188
     ------------------------ ATOM    2 ------------------------
     Tr[ns(  2)] (up, down, total) =   0.67104  4.84558  5.51662
     Atomic magnetic moment for atom   2 =  -4.17454
     SPIN  1
     eigenvalues:
       0.051  0.051  0.174  0.197  0.197
     eigenvectors (columns):
      -0.483 -0.865 -0.000 -0.130  0.035
      -0.056  0.094  0.577 -0.574 -0.570
       0.110  0.002  0.577 -0.207  0.782
       0.865 -0.483  0.000 -0.035 -0.130
       0.053  0.096 -0.577 -0.781  0.212
     occupation matrix ns (before diag.):
       0.054  0.008  0.008  0.000  0.016
       0.008  0.188 -0.007  0.014  0.007
       0.008 -0.007  0.188 -0.014  0.007
       0.000  0.014 -0.014  0.054 -0.000
       0.016  0.007  0.007 -0.000  0.188
     SPIN  2
     eigenvalues:
       0.956  0.956  0.966  0.984  0.984
     eigenvectors (columns):
      -0.132  0.037 -0.000 -0.486 -0.863
      -0.577 -0.567 -0.577 -0.057  0.097
      -0.203  0.783 -0.577  0.112  0.001
      -0.037 -0.132  0.000  0.863 -0.486
      -0.779  0.216  0.577  0.055  0.098
     occupation matrix ns (before diag.):
       0.984 -0.002 -0.002  0.000 -0.003
      -0.002  0.959  0.003 -0.003 -0.003
      -0.002  0.003  0.959  0.003 -0.003
       0.000 -0.003  0.003  0.984 -0.000
      -0.003 -0.003 -0.003 -0.000  0.959

     Number of occupied Hubbard levels =   11.0332

     HUBBARD ENERGY =    0.3531  (Ry)

     total cpu time spent up to now is        5.9 secs

     total energy              =    -671.09994705 Ry
     estimated scf accuracy    <      12.43475553 Ry

     total magnetization       =    -0.00 Bohr mag/cell
     absolute magnetization    =     8.69 Bohr mag/cell

     iteration #  2     ecut=    35.00 Ry     beta= 0.70
     Davidson diagonalization with overlap

---- Real-time Memory Report at c_bands before calling an iterative solver
           141 MiB given to the printing process from OS
             0 MiB allocation reported by mallinfo(arena+hblkhd)
           308 MiB available memory on the node where the printing process lives
------------------
     ethr =  1.00E-02,  avg # of iterations =  3.0

     =================== HUBBARD OCCUPATIONS ===================
     ------------------------ ATOM    1 ------------------------
     Tr[ns(  1)] (up, down, total) =   4.86900  4.88558  9.75459
     Atomic magnetic moment for atom   1 =  -0.01658
     SPIN  1
     eigenvalues:
       0.972  0.972  0.973  0.976  0.976
     eigenvectors (columns):
       0.226  0.072  0.000  0.304  0.923
      -0.170 -0.775 -0.577 -0.129  0.144
      -0.586  0.534 -0.577  0.190  0.040
      -0.072  0.226 -0.000 -0.923  0.304
      -0.756 -0.240  0.577  0.061  0.184
     occupation matrix ns (before diag.):
       0.975  0.000  0.000  0.000  0.001
       0.000  0.973  0.000  0.001 -0.000
       0.000  0.000  0.973 -0.001 -0.000
       0.000  0.001 -0.001  0.975 -0.000
       0.001 -0.000 -0.000 -0.000  0.973
     SPIN  2
     eigenvalues:
       0.976  0.976  0.977  0.979  0.979
     eigenvectors (columns):
       0.522  0.616 -0.000 -0.501  0.312
       0.162 -0.453  0.577 -0.582 -0.310
      -0.474  0.086  0.577  0.022  0.659
      -0.616  0.522  0.000 -0.312 -0.501
      -0.311 -0.367 -0.577 -0.560  0.349
     occupation matrix ns (before diag.):
       0.977  0.001  0.001  0.000  0.001
       0.001  0.977 -0.000  0.001  0.000
       0.001 -0.000  0.977 -0.001  0.000
       0.000  0.001 -0.001  0.977 -0.000
       0.001  0.000  0.000 -0.000  0.977
     ------------------------ ATOM    2 ------------------------
     Tr[ns(  2)] (up, down, total) =   4.88559  4.86902  9.75461
     Atomic magnetic moment for atom   2 =   0.01657
     SPIN  1
     eigenvalues:
       0.976  0.976  0.977  0.979  0.979
     eigenvectors (columns):
       0.524  0.614 -0.000 -0.487  0.333
       0.161 -0.454  0.577 -0.595 -0.285
      -0.474  0.087  0.577  0.051  0.657
      -0.614  0.524  0.000 -0.333 -0.487
      -0.313 -0.366 -0.577 -0.544  0.372
     occupation matrix ns (before diag.):
       0.977  0.001  0.001  0.000  0.001
       0.001  0.977 -0.000  0.001  0.000
       0.001 -0.000  0.977 -0.001  0.000
       0.000  0.001 -0.001  0.977 -0.000
       0.001  0.000  0.000 -0.000  0.977
     SPIN  2
     eigenvalues:
       0.972  0.972  0.973  0.976  0.976
     eigenvectors (columns):
       0.224  0.078  0.000  0.356  0.904
      -0.149 -0.779 -0.577 -0.121  0.152
      -0.600  0.518 -0.577  0.192  0.029
      -0.078  0.224 -0.000 -0.904  0.356
      -0.749 -0.261  0.577  0.071  0.180
     occupation matrix ns (before diag.):
       0.975  0.000  0.000  0.000  0.001
       0.000  0.973  0.000  0.001 -0.000
       0.000  0.000  0.973 -0.001 -0.000
       0.000  0.001 -0.001  0.975 -0.000
       0.001 -0.000 -0.000 -0.000  0.973

     Number of occupied Hubbard levels =   19.5092

     HUBBARD ENERGY =    0.5985  (Ry)

     total cpu time spent up to now is        8.6 secs

     total energy              =    -672.07641425 Ry
     estimated scf accuracy    <      59.83344036 Ry

     total magnetization       =    -0.00 Bohr mag/cell
     absolute magnetization    =     0.56 Bohr mag/cell

     iteration #  3     ecut=    35.00 Ry     beta= 0.70
     Davidson diagonalization with overlap

---- Real-time Memory Report at c_bands before calling an iterative solver
           144 MiB given to the printing process from OS
             0 MiB allocation reported by mallinfo(arena+hblkhd)
           308 MiB available memory on the node where the printing process lives
------------------
     ethr =  1.00E-02,  avg # of iterations =  2.0

     =================== HUBBARD OCCUPATIONS ===================
     ------------------------ ATOM    1 ------------------------
     Tr[ns(  1)] (up, down, total) =   4.97868  2.21947  7.19815
     Atomic magnetic moment for atom   1 =   2.75921
     SPIN  1
     eigenvalues:
       0.995  0.995  0.996  0.996  0.996
     eigenvectors (columns):
       0.261 -0.923  0.000  0.262 -0.107
      -0.161 -0.166  0.577 -0.105  0.776
       0.224 -0.057  0.577 -0.619 -0.479
      -0.923 -0.261  0.000 -0.107 -0.262
       0.063 -0.222 -0.577 -0.725  0.297
     occupation matrix ns (before diag.):
       0.995 -0.000 -0.000  0.000 -0.000
      -0.000  0.996 -0.000 -0.000  0.000
      -0.000 -0.000  0.996  0.000  0.000
       0.000 -0.000  0.000  0.995 -0.000
      -0.000  0.000  0.000 -0.000  0.996
     SPIN  2
     eigenvalues:
       0.133  0.133  0.563  0.695  0.695
     eigenvectors (columns):
       0.473  0.877  0.000  0.079  0.014
       0.034 -0.056 -0.577  0.523 -0.623
      -0.065 -0.002 -0.577  0.278  0.765
      -0.877  0.473 -0.000  0.014 -0.079
      -0.031 -0.057  0.577  0.801  0.141
     occupation matrix ns (before diag.):
       0.136  0.018  0.018  0.000  0.037
       0.018  0.649 -0.043  0.032  0.043
       0.018 -0.043  0.649 -0.032  0.043
       0.000  0.032 -0.032  0.136 -0.000
       0.037  0.043  0.043 -0.000  0.649
     ------------------------ ATOM    2 ------------------------
     Tr[ns(  2)] (up, down, total) =   2.21838  4.97868  7.19706
     Atomic magnetic moment for atom   2 =  -2.76030
     SPIN  1
     eigenvalues:
       0.133  0.133  0.563  0.695  0.695
     eigenvectors (columns):
      -0.520 -0.850  0.000  0.079  0.013
      -0.031  0.057 -0.577  0.514 -0.631
       0.065 -0.002 -0.577  0.290  0.761
       0.850 -0.520 -0.000  0.013 -0.079
       0.034  0.056  0.577  0.804  0.129
     occupation matrix ns (before diag.):
       0.136  0.018  0.018  0.000  0.037
       0.018  0.649 -0.043  0.032  0.043
       0.018 -0.043  0.649 -0.032  0.043
       0.000  0.032 -0.032  0.136 -0.000
       0.037  0.043  0.043 -0.000  0.649
     SPIN  2
     eigenvalues:
       0.995  0.995  0.996  0.996  0.996
     eigenvectors (columns):
       0.290 -0.914  0.000  0.260 -0.113
      -0.156 -0.171  0.577 -0.089  0.778
       0.226 -0.050  0.577 -0.629 -0.466
      -0.914 -0.290  0.000 -0.113 -0.260
       0.070 -0.220 -0.577 -0.718  0.312
     occupation matrix ns (before diag.):
       0.995 -0.000 -0.000  0.000 -0.000
      -0.000  0.996 -0.000 -0.000  0.000
      -0.000 -0.000  0.996  0.000  0.000
       0.000 -0.000  0.000  0.995 -0.000
      -0.000  0.000  0.000 -0.000  0.996

     Number of occupied Hubbard levels =   14.3952

     HUBBARD ENERGY =    0.5403  (Ry)

     total cpu time spent up to now is       11.3 secs

     total energy              =    -678.09817588 Ry
     estimated scf accuracy    <       0.47350071 Ry

     total magnetization       =    -0.00 Bohr mag/cell
     absolute magnetization    =     5.82 Bohr mag/cell

     iteration #  4     ecut=    35.00 Ry     beta= 0.70
     Davidson diagonalization with overlap

---- Real-time Memory Report at c_bands before calling an iterative solver
           145 MiB given to the printing process from OS
             0 MiB allocation reported by mallinfo(arena+hblkhd)
           282 MiB available memory on the node where the printing process lives
------------------
     ethr =  1.03E-03,  avg # of iterations =  1.8

     =================== HUBBARD OCCUPATIONS ===================
     ------------------------ ATOM    1 ------------------------
     Tr[ns(  1)] (up, down, total) =   4.96547  2.42082  7.38629
     Atomic magnetic moment for atom   1 =   2.54465
     SPIN  1
     eigenvalues:
       0.991  0.991  0.995  0.995  0.995
     eigenvectors (columns):
       0.460 -0.888  0.000 -0.013  0.001
      -0.006 -0.009 -0.577  0.456  0.677
       0.011 -0.000 -0.577  0.359 -0.733
      -0.888 -0.460 -0.000 -0.001 -0.013
       0.005 -0.010  0.577  0.815 -0.056
     occupation matrix ns (before diag.):
       0.991 -0.000 -0.000  0.000 -0.000
      -0.000  0.995 -0.000 -0.000  0.000
      -0.000 -0.000  0.995  0.000  0.000
       0.000 -0.000  0.000  0.991 -0.000
      -0.000  0.000  0.000 -0.000  0.995
     SPIN  2
     eigenvalues:
       0.170  0.170  0.373  0.854  0.854
     eigenvectors (columns):
      -0.529  0.847  0.000  0.056  0.010
      -0.022 -0.041 -0.577  0.527 -0.622
       0.046  0.002 -0.577  0.276  0.767
       0.847  0.529 -0.000  0.010 -0.056
       0.025 -0.039  0.577  0.802  0.145
     occupation matrix ns (before diag.):
       0.172  0.016  0.016  0.000  0.032
       0.016  0.692 -0.159  0.027  0.159
       0.016 -0.159  0.692 -0.027  0.159
       0.000  0.027 -0.027  0.172 -0.000
       0.032  0.159  0.159 -0.000  0.692
     ------------------------ ATOM    2 ------------------------
     Tr[ns(  2)] (up, down, total) =   2.44310  4.96549  7.40859
     Atomic magnetic moment for atom   2 =  -2.52240
     SPIN  1
     eigenvalues:
       0.171  0.171  0.379  0.861  0.861
     eigenvectors (columns):
       0.419 -0.906  0.000  0.057  0.011
       0.027  0.039 -0.577  0.535 -0.615
      -0.047  0.004 -0.577  0.265  0.771
      -0.906 -0.419 -0.000  0.011 -0.057
      -0.020  0.043  0.577  0.800  0.156
     occupation matrix ns (before diag.):
       0.173  0.016  0.016  0.000  0.033
       0.016  0.699 -0.160  0.028  0.160
       0.016 -0.160  0.699 -0.028  0.160
       0.000  0.028 -0.028  0.173 -0.000
       0.033  0.160  0.160 -0.000  0.699
     SPIN  2
     eigenvalues:
       0.991  0.991  0.995  0.995  0.995
     eigenvectors (columns):
       0.511 -0.859  0.000 -0.011  0.001
      -0.004 -0.008 -0.577  0.448  0.683
       0.009  0.000 -0.577  0.367 -0.729
      -0.859 -0.511 -0.000 -0.001 -0.011
       0.005 -0.008  0.577  0.815 -0.046
     occupation matrix ns (before diag.):
       0.991 -0.000 -0.000  0.000 -0.000
      -0.000  0.995 -0.000 -0.000  0.000
      -0.000 -0.000  0.995  0.000  0.000
       0.000 -0.000  0.000  0.991 -0.000
      -0.000  0.000  0.000 -0.000  0.995

     Number of occupied Hubbard levels =   14.7949

     HUBBARD ENERGY =    0.4448  (Ry)

     total cpu time spent up to now is       13.8 secs

     total energy              =    -678.23914737 Ry
     estimated scf accuracy    <       0.32215177 Ry

     total magnetization       =     0.02 Bohr mag/cell
     absolute magnetization    =     5.37 Bohr mag/cell

     iteration #  5     ecut=    35.00 Ry     beta= 0.70
     Davidson diagonalization with overlap

---- Real-time Memory Report at c_bands before calling an iterative solver
           146 MiB given to the printing process from OS
             0 MiB allocation reported by mallinfo(arena+hblkhd)
           285 MiB available memory on the node where the printing process lives
------------------
     ethr =  7.00E-04,  avg # of iterations =  1.3

     =================== HUBBARD OCCUPATIONS ===================
     ------------------------ ATOM    1 ------------------------
     Tr[ns(  1)] (up, down, total) =   4.96808  2.34807  7.31615
     Atomic magnetic moment for atom   1 =   2.62001
     SPIN  1
     eigenvalues:
       0.992  0.992  0.994  0.995  0.995
     eigenvectors (columns):
       0.235 -0.933 -0.000  0.257 -0.095
      -0.161 -0.156  0.577 -0.132  0.774
       0.215 -0.061  0.577 -0.605 -0.501
      -0.933 -0.235  0.000 -0.095 -0.257
       0.055 -0.217 -0.577 -0.736  0.273
     occupation matrix ns (before diag.):
       0.992 -0.000 -0.000  0.000 -0.001
      -0.000  0.994 -0.000 -0.000  0.000
      -0.000 -0.000  0.994  0.000  0.000
       0.000 -0.000  0.000  0.992 -0.000
      -0.001  0.000  0.000 -0.000  0.994
     SPIN  2
     eigenvalues:
       0.124  0.137  0.137  0.974  0.974
     eigenvectors (columns):
      -0.000 -0.390  0.919  0.047 -0.007
      -0.577 -0.023 -0.031  0.508  0.638
      -0.577  0.038 -0.005  0.299 -0.759
       0.000  0.919  0.390  0.007  0.047
       0.577  0.015 -0.035  0.807 -0.121
     occupation matrix ns (before diag.):
       0.139  0.016  0.016  0.000  0.032
       0.016  0.690 -0.283  0.028  0.283
       0.016 -0.283  0.690 -0.028  0.283
       0.000  0.028 -0.028  0.139 -0.000
       0.032  0.283  0.283 -0.000  0.690
     ------------------------ ATOM    2 ------------------------
     Tr[ns(  2)] (up, down, total) =   2.27423  4.96833  7.24256
     Atomic magnetic moment for atom   2 =  -2.69410
     SPIN  1
     eigenvalues:
       0.112  0.129  0.129  0.952  0.952
     eigenvectors (columns):
      -0.000 -0.390  0.920  0.042 -0.005
      -0.577 -0.021 -0.028  0.491  0.652
      -0.577  0.035 -0.004  0.319 -0.751
       0.000  0.920  0.390  0.005  0.042
       0.577  0.014 -0.032  0.810 -0.099
     occupation matrix ns (before diag.):
       0.130  0.014  0.014  0.000  0.029
       0.014  0.671 -0.279  0.025  0.279
       0.014 -0.279  0.671 -0.025  0.279
       0.000  0.025 -0.025  0.130 -0.000
       0.029  0.279  0.279 -0.000  0.671
     SPIN  2
     eigenvalues:
       0.992  0.992  0.994  0.995  0.995
     eigenvectors (columns):
      -0.421 -0.748  0.000  0.400 -0.321
      -0.419 -0.005  0.577  0.106  0.693
       0.213 -0.360  0.577 -0.653 -0.255
      -0.748  0.421  0.000 -0.321 -0.400
      -0.205 -0.365 -0.577 -0.547  0.438
     occupation matrix ns (before diag.):
       0.993 -0.000 -0.000  0.000 -0.001
      -0.000  0.994 -0.000 -0.001  0.000
      -0.000 -0.000  0.994  0.001  0.000
       0.000 -0.001  0.001  0.993 -0.000
      -0.001  0.000  0.000 -0.000  0.994

     Number of occupied Hubbard levels =   14.5587

     HUBBARD ENERGY =    0.3797  (Ry)

     total cpu time spent up to now is       16.0 secs

     total energy              =    -678.35889585 Ry
     estimated scf accuracy    <       0.13788155 Ry

     total magnetization       =    -0.08 Bohr mag/cell
     absolute magnetization    =     5.52 Bohr mag/cell

     iteration #  6     ecut=    35.00 Ry     beta= 0.70
     Davidson diagonalization with overlap

---- Real-time Memory Report at c_bands before calling an iterative solver
           146 MiB given to the printing process from OS
             0 MiB allocation reported by mallinfo(arena+hblkhd)
           306 MiB available memory on the node where the printing process lives
------------------
     ethr =  3.00E-04,  avg # of iterations =  1.0

     =================== HUBBARD OCCUPATIONS ===================
     ------------------------ ATOM    1 ------------------------
     Tr[ns(  1)] (up, down, total) =   4.96388  2.27126  7.23514
     Atomic magnetic moment for atom   1 =   2.69262
     SPIN  1
     eigenvalues:
       0.991  0.991  0.993  0.994  0.994
     eigenvectors (columns):
      -0.438 -0.694  0.000  0.447 -0.357
      -0.466  0.019  0.577  0.100  0.662
       0.217 -0.413  0.577 -0.624 -0.244
      -0.694  0.438 -0.000 -0.357 -0.447
      -0.249 -0.395 -0.577 -0.524  0.418
     occupation matrix ns (before diag.):
       0.992 -0.001 -0.001  0.000 -0.001
      -0.001  0.993  0.000 -0.001 -0.000
      -0.001  0.000  0.993  0.001 -0.000
       0.000 -0.001  0.001  0.992 -0.000
      -0.001 -0.000 -0.000 -0.000  0.993
     SPIN  2
     eigenvalues:
       0.072  0.126  0.126  0.974  0.974
     eigenvectors (columns):
      -0.000  0.573  0.819  0.031 -0.003
      -0.577  0.011 -0.023  0.484  0.657
      -0.577 -0.025  0.002  0.327 -0.748
       0.000 -0.819  0.573  0.003  0.031
       0.577 -0.015 -0.021  0.811 -0.090
     occupation matrix ns (before diag.):
       0.127  0.011  0.011  0.000  0.022
       0.011  0.673 -0.300  0.019  0.300
       0.011 -0.300  0.673 -0.019  0.300
       0.000  0.019 -0.019  0.127 -0.000
       0.022  0.300  0.300 -0.000  0.673
     ------------------------ ATOM    2 ------------------------
     Tr[ns(  2)] (up, down, total) =   2.32232  4.97099  7.29331
     Atomic magnetic moment for atom   2 =  -2.64867
     SPIN  1
     eigenvalues:
       0.083  0.144  0.144  0.976  0.976
     eigenvectors (columns):
      -0.000 -0.519  0.854  0.031 -0.004
      -0.577 -0.012 -0.022  0.491  0.652
      -0.577  0.025  0.001  0.319 -0.751
       0.000  0.854  0.519  0.004  0.031
       0.577  0.013 -0.022  0.810 -0.099
     occupation matrix ns (before diag.):
       0.144  0.011  0.011  0.000  0.021
       0.011  0.678 -0.297  0.018  0.297
       0.011 -0.297  0.678 -0.018  0.297
       0.000  0.018 -0.018  0.144 -0.000
       0.021  0.297  0.297 -0.000  0.678
     SPIN  2
     eigenvalues:
       0.993  0.993  0.994  0.995  0.995
     eigenvectors (columns):
      -0.556  0.493  0.000 -0.456 -0.490
      -0.519 -0.173  0.577 -0.177  0.580
       0.110  0.535  0.577  0.591 -0.136
      -0.493 -0.556 -0.000  0.490 -0.456
      -0.409  0.363 -0.577  0.414  0.444
     occupation matrix ns (before diag.):
       0.994 -0.001 -0.001  0.000 -0.001
      -0.001  0.994  0.000 -0.001 -0.000
      -0.001  0.000  0.994  0.001 -0.000
       0.000 -0.001  0.001  0.994 -0.000
      -0.001 -0.000 -0.000 -0.000  0.994

     Number of occupied Hubbard levels =   14.5284

     HUBBARD ENERGY =    0.2662  (Ry)

     total cpu time spent up to now is       18.2 secs

     WARNING: integrated charge=    46.00409400, expected=    46.00000000

     total energy              =    -678.40261962 Ry
     estimated scf accuracy    <       0.06997893 Ry

     total magnetization       =     0.00 Bohr mag/cell
     absolute magnetization    =     5.53 Bohr mag/cell

     iteration #  7     ecut=    35.00 Ry     beta= 0.70
     Davidson diagonalization with overlap

---- Real-time Memory Report at c_bands before calling an iterative solver
           146 MiB given to the printing process from OS
             0 MiB allocation reported by mallinfo(arena+hblkhd)
           306 MiB available memory on the node where the printing process lives
------------------
     ethr =  1.52E-04,  avg # of iterations =  2.3

     =================== HUBBARD OCCUPATIONS ===================
     ------------------------ ATOM    1 ------------------------
     Tr[ns(  1)] (up, down, total) =   4.97672  2.38397  7.36069
     Atomic magnetic moment for atom   1 =   2.59275
     SPIN  1
     eigenvalues:
       0.994  0.994  0.996  0.996  0.996
     eigenvectors (columns):
      -0.520 -0.363  0.000  0.505  0.585
      -0.572  0.267  0.577  0.171 -0.489
       0.054 -0.629  0.577 -0.509  0.097
      -0.363  0.520 -0.000 -0.585  0.505
      -0.517 -0.362 -0.577 -0.338 -0.392
     occupation matrix ns (before diag.):
       0.995 -0.000 -0.000  0.000 -0.001
      -0.000  0.995  0.000 -0.001 -0.000
      -0.000  0.000  0.995  0.001 -0.000
       0.000 -0.001  0.001  0.995 -0.000
      -0.001 -0.000 -0.000 -0.000  0.995
     SPIN  2
     eigenvalues:
       0.065  0.175  0.175  0.984  0.984
     eigenvectors (columns):
      -0.000  0.454  0.891  0.008 -0.001
      -0.577  0.004 -0.006  0.481  0.660
      -0.577 -0.007 -0.000  0.331 -0.747
       0.000 -0.891  0.454  0.001  0.008
       0.577 -0.003 -0.006  0.812 -0.087
     occupation matrix ns (before diag.):
       0.175  0.003  0.003  0.000  0.006
       0.003  0.678 -0.307  0.005  0.307
       0.003 -0.307  0.678 -0.005  0.307
       0.000  0.005 -0.005  0.175 -0.000
       0.006  0.307  0.307 -0.000  0.678
     ------------------------ ATOM    2 ------------------------
     Tr[ns(  2)] (up, down, total) =   2.21020  4.94938  7.15959
     Atomic magnetic moment for atom   2 =  -2.73918
     SPIN  1
     eigenvalues:
       0.043  0.109  0.109  0.975  0.975
     eigenvectors (columns):
      -0.000 -0.511  0.860  0.005 -0.000
      -0.577 -0.002 -0.004  0.469  0.668
