Dynamical matrix file
Phonons on a uniform q-grid                                                
  2    2   2  10.5000000   0.0000000   0.0000000   0.0000000   0.0000000   0.0000000
           1  'Al  '    24590.765679071552     
           2  'As  '    68285.402693700540     
    1    1      0.0000000000      0.0000000000      0.0000000000
    2    2      0.2500000000      0.2500000000      0.2500000000

     Dynamical  Matrix in cartesian axes

     q = (   -0.250000000   0.250000000  -0.250000000 ) 

    1    1
  0.23199915   0.00000000    -0.02546608   0.00000000     0.02546608   0.00000000
 -0.02546608   0.00000000     0.23199915   0.00000000    -0.02546608   0.00000000
  0.02546608   0.00000000    -0.02546608   0.00000000     0.23199915   0.00000000
    1    2
 -0.16508063  -0.05851250    -0.02948053   0.04603060     0.02948053  -0.04603060
 -0.02948053   0.04603060    -0.16508063  -0.05851250    -0.02948053   0.04603060
  0.02948053  -0.04603060    -0.02948053   0.04603060    -0.16508063  -0.05851250
    2    1
 -0.16508063   0.05851250    -0.02948053  -0.04603060     0.02948053   0.04603060
 -0.02948053  -0.04603060    -0.16508063   0.05851250    -0.02948053  -0.04603060
  0.02948053   0.04603060    -0.02948053  -0.04603060    -0.16508063   0.05851250
    2    2
  0.23117333   0.00000000    -0.02113794   0.00000000     0.02113794   0.00000000
 -0.02113794   0.00000000     0.23117333   0.00000000    -0.02113794   0.00000000
  0.02113794   0.00000000    -0.02113794   0.00000000     0.23117333   0.00000000

     Dynamical  Matrix in cartesian axes

     q = (    0.250000000  -0.250000000   0.250000000 ) 

    1    1
  0.23199915  -0.00000000    -0.02546608  -0.00000000     0.02546608  -0.00000000
 -0.02546608  -0.00000000     0.23199915  -0.00000000    -0.02546608  -0.00000000
  0.02546608  -0.00000000    -0.02546608  -0.00000000     0.23199915  -0.00000000
    1    2
 -0.16508063   0.05851250    -0.02948053  -0.04603060     0.02948053   0.04603060
 -0.02948053  -0.04603060    -0.16508063   0.05851250    -0.02948053  -0.04603060
  0.02948053   0.04603060    -0.02948053  -0.04603060    -0.16508063   0.05851250
    2    1
 -0.16508063  -0.05851250    -0.02948053   0.04603060     0.02948053  -0.04603060
 -0.02948053   0.04603060    -0.16508063  -0.05851250    -0.02948053   0.04603060
  0.02948053  -0.04603060    -0.02948053   0.04603060    -0.16508063  -0.05851250
    2    2
  0.23117333  -0.00000000    -0.02113794  -0.00000000     0.02113794  -0.00000000
 -0.02113794  -0.00000000     0.23117333  -0.00000000    -0.02113794  -0.00000000
  0.02113794  -0.00000000    -0.02113794  -0.00000000     0.23117333  -0.00000000

     Dynamical  Matrix in cartesian axes

     q = (    0.250000000  -0.250000000  -0.250000000 ) 

    1    1
  0.23199915   0.00000000    -0.02546608   0.00000000    -0.02546608   0.00000000
 -0.02546608   0.00000000     0.23199915   0.00000000     0.02546608   0.00000000
 -0.02546608   0.00000000     0.02546608   0.00000000     0.23199915   0.00000000
    1    2
 -0.16508063  -0.05851250    -0.02948053   0.04603060    -0.02948053   0.04603060
 -0.02948053   0.04603060    -0.16508063  -0.05851250     0.02948053  -0.04603060
 -0.02948053   0.04603060     0.02948053  -0.04603060    -0.16508063  -0.05851250
    2    1
 -0.16508063   0.05851250    -0.02948053  -0.04603060    -0.02948053  -0.04603060
 -0.02948053  -0.04603060    -0.16508063   0.05851250     0.02948053   0.04603060
 -0.02948053  -0.04603060     0.02948053   0.04603060    -0.16508063   0.05851250
    2    2
  0.23117333   0.00000000    -0.02113794   0.00000000    -0.02113794   0.00000000
 -0.02113794   0.00000000     0.23117333   0.00000000     0.02113794   0.00000000
 -0.02113794   0.00000000     0.02113794   0.00000000     0.23117333   0.00000000

     Dynamical  Matrix in cartesian axes

     q = (   -0.250000000   0.250000000   0.250000000 ) 

    1    1
  0.23199915  -0.00000000    -0.02546608  -0.00000000    -0.02546608  -0.00000000
 -0.02546608  -0.00000000     0.23199915  -0.00000000     0.02546608  -0.00000000
 -0.02546608  -0.00000000     0.02546608  -0.00000000     0.23199915  -0.00000000
    1    2
 -0.16508063   0.05851250    -0.02948053  -0.04603060    -0.02948053  -0.04603060
 -0.02948053  -0.04603060    -0.16508063   0.05851250     0.02948053   0.04603060
 -0.02948053  -0.04603060     0.02948053   0.04603060    -0.16508063   0.05851250
    2    1
 -0.16508063  -0.05851250    -0.02948053   0.04603060    -0.02948053   0.04603060
 -0.02948053   0.04603060    -0.16508063  -0.05851250     0.02948053  -0.04603060
 -0.02948053   0.04603060     0.02948053  -0.04603060    -0.16508063  -0.05851250
    2    2
  0.23117333  -0.00000000    -0.02113794  -0.00000000    -0.02113794  -0.00000000
 -0.02113794  -0.00000000     0.23117333  -0.00000000     0.02113794  -0.00000000
 -0.02113794  -0.00000000     0.02113794  -0.00000000     0.23117333  -0.00000000

     Dynamical  Matrix in cartesian axes

     q = (   -0.250000000  -0.250000000   0.250000000 ) 

    1    1
  0.23199915   0.00000000     0.02546608   0.00000000    -0.02546608   0.00000000
  0.02546608   0.00000000     0.23199915   0.00000000    -0.02546608   0.00000000
 -0.02546608   0.00000000    -0.02546608   0.00000000     0.23199915   0.00000000
    1    2
 -0.16508063  -0.05851250     0.02948053  -0.04603060    -0.02948053   0.04603060
  0.02948053  -0.04603060    -0.16508063  -0.05851250    -0.02948053   0.04603060
 -0.02948053   0.04603060    -0.02948053   0.04603060    -0.16508063  -0.05851250
    2    1
 -0.16508063   0.05851250     0.02948053   0.04603060    -0.02948053  -0.04603060
  0.02948053   0.04603060    -0.16508063   0.05851250    -0.02948053  -0.04603060
 -0.02948053  -0.04603060    -0.02948053  -0.04603060    -0.16508063   0.05851250
    2    2
  0.23117333   0.00000000     0.02113794   0.00000000    -0.02113794   0.00000000
  0.02113794   0.00000000     0.23117333   0.00000000    -0.02113794   0.00000000
 -0.02113794   0.00000000    -0.02113794   0.00000000     0.23117333   0.00000000

     Dynamical  Matrix in cartesian axes

     q = (    0.250000000   0.250000000  -0.250000000 ) 

    1    1
  0.23199915  -0.00000000     0.02546608  -0.00000000    -0.02546608  -0.00000000
  0.02546608  -0.00000000     0.23199915  -0.00000000    -0.02546608  -0.00000000
 -0.02546608  -0.00000000    -0.02546608  -0.00000000     0.23199915  -0.00000000
    1    2
 -0.16508063   0.05851250     0.02948053   0.04603060    -0.02948053  -0.04603060
  0.02948053   0.04603060    -0.16508063   0.05851250    -0.02948053  -0.04603060
 -0.02948053  -0.04603060    -0.02948053  -0.04603060    -0.16508063   0.05851250
    2    1
 -0.16508063  -0.05851250     0.02948053  -0.04603060    -0.02948053   0.04603060
  0.02948053  -0.04603060    -0.16508063  -0.05851250    -0.02948053   0.04603060
 -0.02948053   0.04603060    -0.02948053   0.04603060    -0.16508063  -0.05851250
    2    2
  0.23117333  -0.00000000     0.02113794  -0.00000000    -0.02113794  -0.00000000
  0.02113794  -0.00000000     0.23117333  -0.00000000    -0.02113794  -0.00000000
 -0.02113794  -0.00000000    -0.02113794  -0.00000000     0.23117333  -0.00000000

     Dynamical  Matrix in cartesian axes

     q = (    0.250000000   0.250000000   0.250000000 ) 

    1    1
  0.23199915   0.00000000     0.02546608   0.00000000     0.02546608   0.00000000
  0.02546608   0.00000000     0.23199915   0.00000000     0.02546608   0.00000000
  0.02546608   0.00000000     0.02546608   0.00000000     0.23199915   0.00000000
    1    2
 -0.05851250   0.16508063    -0.04603060  -0.02948053    -0.04603060  -0.02948053
 -0.04603060  -0.02948053    -0.05851250   0.16508063    -0.04603060  -0.02948053
 -0.04603060  -0.02948053    -0.04603060  -0.02948053    -0.05851250   0.16508063
    2    1
 -0.05851250  -0.16508063    -0.04603060   0.02948053    -0.04603060   0.02948053
 -0.04603060   0.02948053    -0.05851250  -0.16508063    -0.04603060   0.02948053
 -0.04603060   0.02948053    -0.04603060   0.02948053    -0.05851250  -0.16508063
    2    2
  0.23117333   0.00000000     0.02113794   0.00000000     0.02113794   0.00000000
  0.02113794   0.00000000     0.23117333   0.00000000     0.02113794   0.00000000
  0.02113794   0.00000000     0.02113794   0.00000000     0.23117333   0.00000000

     Dynamical  Matrix in cartesian axes

     q = (   -0.250000000  -0.250000000  -0.250000000 ) 

    1    1
  0.23199915  -0.00000000     0.02546608  -0.00000000     0.02546608  -0.00000000
  0.02546608  -0.00000000     0.23199915  -0.00000000     0.02546608  -0.00000000
  0.02546608  -0.00000000     0.02546608  -0.00000000     0.23199915  -0.00000000
    1    2
 -0.05851250  -0.16508063    -0.04603060   0.02948053    -0.04603060   0.02948053
 -0.04603060   0.02948053    -0.05851250  -0.16508063    -0.04603060   0.02948053
 -0.04603060   0.02948053    -0.04603060   0.02948053    -0.05851250  -0.16508063
    2    1
 -0.05851250   0.16508063    -0.04603060  -0.02948053    -0.04603060  -0.02948053
 -0.04603060  -0.02948053    -0.05851250   0.16508063    -0.04603060  -0.02948053
 -0.04603060  -0.02948053    -0.04603060  -0.02948053    -0.05851250   0.16508063
    2    2
  0.23117333  -0.00000000     0.02113794  -0.00000000     0.02113794  -0.00000000
  0.02113794  -0.00000000     0.23117333  -0.00000000     0.02113794  -0.00000000
  0.02113794  -0.00000000     0.02113794  -0.00000000     0.23117333  -0.00000000

     Diagonalizing the dynamical matrix

     q = (   -0.250000000   0.250000000  -0.250000000 ) 

 **************************************************************************
     freq (    1) =       1.758714 [THz] =      58.664393 [cm-1]
 (  0.242962  0.083204 -0.319819  0.047099 -0.562781 -0.036105 ) 
 (  0.253566  0.069051 -0.323516  0.069051 -0.577082  0.000000 ) 
     freq (    2) =       1.758714 [THz] =      58.664393 [cm-1]
 (  0.291701 -0.417865  0.204539 -0.423457 -0.087163 -0.005592 ) 
 (  0.270511 -0.445839  0.181134 -0.445839 -0.089378  0.000000 ) 
     freq (    3) =       4.535405 [THz] =     151.284824 [cm-1]
 (  0.204543  0.290228 -0.204543 -0.290228  0.204543  0.290228 ) 
 (  0.455261 -0.000000 -0.455261 -0.000000  0.455261  0.000000 ) 
     freq (    4) =      11.004443 [THz] =     367.068719 [cm-1]
 (  0.419326  0.546750  0.339523  0.541630 -0.079803 -0.005120 ) 
 ( -0.159583 -0.182567 -0.131441 -0.182567  0.028141  0.000000 ) 
     freq (    5) =      11.004443 [THz] =     367.068719 [cm-1]
 (  0.342623 -0.032287 -0.421839 -0.081330 -0.764462 -0.049043 ) 
 ( -0.119599  0.019058  0.149979  0.019058  0.269579  0.000000 ) 
     freq (    6) =      12.136590 [THz] =     404.833051 [cm-1]
 ( -0.320208 -0.454344  0.320208  0.454344 -0.320208 -0.454344 ) 
 (  0.156114 -0.000000 -0.156114 -0.000000  0.156114  0.000000 ) 
 **************************************************************************
