Dynamical matrix file
Phonons on a uniform q-grid                                                
  2    2   2  10.5000000   0.0000000   0.0000000   0.0000000   0.0000000   0.0000000
           1  'Al  '    24590.765679071552     
           2  'As  '    68285.402693700540     
    1    1      0.0000000000      0.0000000000      0.0000000000
    2    2      0.2500000000      0.2500000000      0.2500000000

     Dynamical  Matrix in cartesian axes

     q = (    0.500000000   0.000000000   0.500000000 ) 

    1    1
  0.21971966   0.00000000     0.00000000  -0.01746793     0.01848690   0.00000000
 -0.00000000   0.01746793     0.23136728   0.00000000     0.00000000   0.01746793
  0.01848690   0.00000000     0.00000000  -0.01746793     0.21971966   0.00000000
    1    2
 -0.00000000   0.10680807    -0.07538060  -0.00000000    -0.00000000  -0.07068903
 -0.09217429  -0.00000000    -0.00000000   0.10842913    -0.09217429  -0.00000000
 -0.00000000  -0.07068903    -0.07538060  -0.00000000    -0.00000000   0.10680807
    2    1
 -0.00000000  -0.10680807    -0.09217429   0.00000000    -0.00000000   0.07068903
 -0.07538060   0.00000000    -0.00000000  -0.10842913    -0.07538060   0.00000000
 -0.00000000   0.07068903    -0.09217429   0.00000000    -0.00000000  -0.10680807
    2    2
  0.23491255  -0.00000000     0.00000000  -0.01309994     0.02646716  -0.00000000
 -0.00000000   0.01309994     0.24379839  -0.00000000    -0.00000000   0.01309994
  0.02646716  -0.00000000     0.00000000  -0.01309994     0.23491255  -0.00000000

     Dynamical  Matrix in cartesian axes

     q = (   -0.500000000   0.000000000  -0.500000000 ) 

    1    1
  0.21971966   0.00000000     0.00000000   0.01746793     0.01848690   0.00000000
 -0.00000000  -0.01746793     0.23136728   0.00000000     0.00000000  -0.01746793
  0.01848690   0.00000000     0.00000000   0.01746793     0.21971966   0.00000000
    1    2
  0.00000000  -0.10680807    -0.07538060   0.00000000     0.00000000   0.07068903
 -0.09217429   0.00000000     0.00000000  -0.10842913    -0.09217429   0.00000000
  0.00000000   0.07068903    -0.07538060   0.00000000     0.00000000  -0.10680807
    2    1
  0.00000000   0.10680807    -0.09217429  -0.00000000     0.00000000  -0.07068903
 -0.07538060  -0.00000000     0.00000000   0.10842913    -0.07538060  -0.00000000
  0.00000000  -0.07068903    -0.09217429  -0.00000000     0.00000000   0.10680807
    2    2
  0.23491255   0.00000000     0.00000000   0.01309994     0.02646716   0.00000000
 -0.00000000  -0.01309994     0.24379839   0.00000000    -0.00000000  -0.01309994
  0.02646716   0.00000000     0.00000000   0.01309994     0.23491255   0.00000000

     Dynamical  Matrix in cartesian axes

     q = (    0.000000000  -0.500000000   0.500000000 ) 

    1    1
  0.23136728   0.00000000    -0.00000000   0.01746793     0.00000000  -0.01746793
  0.00000000  -0.01746793     0.21971966   0.00000000    -0.01848690   0.00000000
 -0.00000000   0.01746793    -0.01848690   0.00000000     0.21971966   0.00000000
    1    2
 -0.10842913  -0.00000000     0.00000000  -0.09217429    -0.00000000   0.09217429
  0.00000000  -0.07538060    -0.10680807  -0.00000000    -0.07068903   0.00000000
 -0.00000000   0.07538060    -0.07068903   0.00000000    -0.10680807  -0.00000000
    2    1
 -0.10842913   0.00000000     0.00000000   0.07538060    -0.00000000  -0.07538060
  0.00000000   0.09217429    -0.10680807   0.00000000    -0.07068903  -0.00000000
 -0.00000000  -0.09217429    -0.07068903  -0.00000000    -0.10680807   0.00000000
    2    2
  0.24379839  -0.00000000     0.00000000   0.01309994     0.00000000  -0.01309994
  0.00000000  -0.01309994     0.23491255  -0.00000000    -0.02646716   0.00000000
 -0.00000000   0.01309994    -0.02646716   0.00000000     0.23491255  -0.00000000

     Dynamical  Matrix in cartesian axes

     q = (   -0.500000000   0.000000000   0.500000000 ) 

    1    1
  0.21971966   0.00000000     0.00000000  -0.01746793    -0.01848690   0.00000000
  0.00000000   0.01746793     0.23136728   0.00000000    -0.00000000  -0.01746793
 -0.01848690   0.00000000    -0.00000000   0.01746793     0.21971966   0.00000000
    1    2
 -0.10680807  -0.00000000     0.00000000  -0.07538060    -0.07068903   0.00000000
  0.00000000  -0.09217429    -0.10842913  -0.00000000    -0.00000000   0.09217429
 -0.07068903   0.00000000    -0.00000000   0.07538060    -0.10680807  -0.00000000
    2    1
 -0.10680807   0.00000000     0.00000000   0.09217429    -0.07068903  -0.00000000
  0.00000000   0.07538060    -0.10842913   0.00000000     0.00000000  -0.07538060
 -0.07068903  -0.00000000     0.00000000  -0.09217429    -0.10680807   0.00000000
    2    2
  0.23491255   0.00000000    -0.00000000  -0.01309994    -0.02646716   0.00000000
  0.00000000   0.01309994     0.24379839  -0.00000000     0.00000000  -0.01309994
 -0.02646716   0.00000000    -0.00000000   0.01309994     0.23491255   0.00000000

     Dynamical  Matrix in cartesian axes

     q = (    0.500000000   0.000000000  -0.500000000 ) 

    1    1
  0.21971966   0.00000000    -0.00000000   0.01746793    -0.01848690   0.00000000
  0.00000000  -0.01746793     0.23136728   0.00000000    -0.00000000   0.01746793
 -0.01848690   0.00000000    -0.00000000  -0.01746793     0.21971966   0.00000000
    1    2
 -0.10680807  -0.00000000     0.00000000   0.07538060    -0.07068903   0.00000000
  0.00000000   0.09217429    -0.10842913  -0.00000000     0.00000000  -0.09217429
 -0.07068903   0.00000000     0.00000000  -0.07538060    -0.10680807  -0.00000000
    2    1
 -0.10680807   0.00000000    -0.00000000  -0.09217429    -0.07068903  -0.00000000
  0.00000000  -0.07538060    -0.10842913   0.00000000     0.00000000   0.07538060
 -0.07068903  -0.00000000     0.00000000   0.09217429    -0.10680807   0.00000000
    2    2
  0.23491255   0.00000000    -0.00000000   0.01309994    -0.02646716   0.00000000
  0.00000000  -0.01309994     0.24379839   0.00000000     0.00000000   0.01309994
 -0.02646716   0.00000000    -0.00000000  -0.01309994     0.23491255   0.00000000

     Dynamical  Matrix in cartesian axes

     q = (    0.500000000   0.500000000   0.000000000 ) 

    1    1
  0.21971966   0.00000000     0.01848690   0.00000000    -0.00000000  -0.01746793
  0.01848690   0.00000000     0.21971966   0.00000000    -0.00000000  -0.01746793
  0.00000000   0.01746793    -0.00000000   0.01746793     0.23136728   0.00000000
    1    2
 -0.00000000   0.10680807    -0.00000000  -0.07068903    -0.07538060   0.00000000
 -0.00000000  -0.07068903    -0.00000000   0.10680807    -0.07538060   0.00000000
 -0.09217429   0.00000000    -0.09217429   0.00000000    -0.00000000   0.10842913
    2    1
 -0.00000000  -0.10680807    -0.00000000   0.07068903    -0.09217429   0.00000000
 -0.00000000   0.07068903    -0.00000000  -0.10680807    -0.09217429   0.00000000
 -0.07538060   0.00000000    -0.07538060   0.00000000    -0.00000000  -0.10842913
    2    2
  0.23491255   0.00000000     0.02646716   0.00000000    -0.00000000  -0.01309994
  0.02646716   0.00000000     0.23491255   0.00000000    -0.00000000  -0.01309994
 -0.00000000   0.01309994    -0.00000000   0.01309994     0.24379839   0.00000000

     Dynamical  Matrix in cartesian axes

     q = (   -0.500000000  -0.500000000   0.000000000 ) 

    1    1
  0.21971966   0.00000000     0.01848690   0.00000000    -0.00000000   0.01746793
  0.01848690   0.00000000     0.21971966   0.00000000    -0.00000000   0.01746793
  0.00000000  -0.01746793    -0.00000000  -0.01746793     0.23136728   0.00000000
    1    2
  0.00000000  -0.10680807     0.00000000   0.07068903    -0.07538060   0.00000000
  0.00000000   0.07068903    -0.00000000  -0.10680807    -0.07538060   0.00000000
 -0.09217429   0.00000000    -0.09217429   0.00000000    -0.00000000  -0.10842913
    2    1
  0.00000000   0.10680807     0.00000000  -0.07068903    -0.09217429  -0.00000000
  0.00000000  -0.07068903    -0.00000000   0.10680807    -0.09217429  -0.00000000
 -0.07538060  -0.00000000    -0.07538060   0.00000000    -0.00000000   0.10842913
    2    2
  0.23491255  -0.00000000     0.02646716  -0.00000000    -0.00000000   0.01309994
  0.02646716  -0.00000000     0.23491255  -0.00000000    -0.00000000   0.01309994
 -0.00000000  -0.01309994    -0.00000000  -0.01309994     0.24379839  -0.00000000

     Dynamical  Matrix in cartesian axes

     q = (   -0.500000000   0.500000000   0.000000000 ) 

    1    1
  0.21971966   0.00000000    -0.01848690   0.00000000     0.00000000  -0.01746793
 -0.01848690   0.00000000     0.21971966   0.00000000     0.00000000   0.01746793
  0.00000000   0.01746793     0.00000000  -0.01746793     0.23136728   0.00000000
    1    2
 -0.10680807  -0.00000000    -0.07068903   0.00000000     0.00000000  -0.07538060
 -0.07068903   0.00000000    -0.10680807  -0.00000000    -0.00000000   0.07538060
  0.00000000  -0.09217429    -0.00000000   0.09217429    -0.10842913  -0.00000000
    2    1
 -0.10680807   0.00000000    -0.07068903  -0.00000000     0.00000000   0.09217429
 -0.07068903  -0.00000000    -0.10680807   0.00000000     0.00000000  -0.09217429
  0.00000000   0.07538060    -0.00000000  -0.07538060    -0.10842913   0.00000000
    2    2
  0.23491255  -0.00000000    -0.02646716   0.00000000     0.00000000  -0.01309994
 -0.02646716   0.00000000     0.23491255  -0.00000000     0.00000000   0.01309994
  0.00000000   0.01309994     0.00000000  -0.01309994     0.24379839  -0.00000000

     Dynamical  Matrix in cartesian axes

     q = (    0.000000000   0.500000000   0.500000000 ) 

    1    1
  0.23136728   0.00000000     0.00000000   0.01746793     0.00000000   0.01746793
  0.00000000  -0.01746793     0.21971966   0.00000000     0.01848690   0.00000000
  0.00000000  -0.01746793     0.01848690   0.00000000     0.21971966   0.00000000
    1    2
 -0.00000000   0.10842913    -0.09217429  -0.00000000    -0.09217429  -0.00000000
 -0.07538060  -0.00000000     0.00000000   0.10680807    -0.00000000  -0.07068903
 -0.07538060  -0.00000000    -0.00000000  -0.07068903    -0.00000000   0.10680807
    2    1
 -0.00000000  -0.10842913    -0.07538060   0.00000000    -0.07538060   0.00000000
 -0.09217429   0.00000000     0.00000000  -0.10680807     0.00000000   0.07068903
 -0.09217429   0.00000000    -0.00000000   0.07068903    -0.00000000  -0.10680807
    2    2
  0.24379839  -0.00000000     0.00000000   0.01309994     0.00000000   0.01309994
 -0.00000000  -0.01309994     0.23491255  -0.00000000     0.02646716   0.00000000
  0.00000000  -0.01309994     0.02646716   0.00000000     0.23491255  -0.00000000

     Dynamical  Matrix in cartesian axes

     q = (    0.000000000   0.500000000  -0.500000000 ) 

    1    1
  0.23136728   0.00000000    -0.00000000  -0.01746793     0.00000000   0.01746793
  0.00000000   0.01746793     0.21971966   0.00000000    -0.01848690   0.00000000
 -0.00000000  -0.01746793    -0.01848690   0.00000000     0.21971966   0.00000000
    1    2
 -0.10842913  -0.00000000     0.00000000   0.09217429     0.00000000  -0.09217429
  0.00000000   0.07538060    -0.10680807  -0.00000000    -0.07068903   0.00000000
  0.00000000  -0.07538060    -0.07068903   0.00000000    -0.10680807  -0.00000000
    2    1
 -0.10842913   0.00000000    -0.00000000  -0.07538060     0.00000000   0.07538060
 -0.00000000  -0.09217429    -0.10680807   0.00000000    -0.07068903  -0.00000000
  0.00000000   0.09217429    -0.07068903  -0.00000000    -0.10680807   0.00000000
    2    2
  0.24379839   0.00000000     0.00000000  -0.01309994     0.00000000   0.01309994
  0.00000000   0.01309994     0.23491255   0.00000000    -0.02646716  -0.00000000
 -0.00000000  -0.01309994    -0.02646716  -0.00000000     0.23491255   0.00000000

     Dynamical  Matrix in cartesian axes

     q = (    0.000000000  -0.500000000  -0.500000000 ) 

    1    1
  0.23136728   0.00000000     0.00000000  -0.01746793    -0.00000000  -0.01746793
 -0.00000000   0.01746793     0.21971966   0.00000000     0.01848690   0.00000000
  0.00000000   0.01746793     0.01848690   0.00000000     0.21971966   0.00000000
    1    2
  0.00000000  -0.10842913    -0.09217429   0.00000000    -0.09217429   0.00000000
 -0.07538060   0.00000000     0.00000000  -0.10680807     0.00000000   0.07068903
 -0.07538060   0.00000000    -0.00000000   0.07068903    -0.00000000  -0.10680807
    2    1
  0.00000000   0.10842913    -0.07538060  -0.00000000    -0.07538060  -0.00000000
 -0.09217429  -0.00000000    -0.00000000   0.10680807    -0.00000000  -0.07068903
 -0.09217429  -0.00000000     0.00000000  -0.07068903     0.00000000   0.10680807
    2    2
  0.24379839   0.00000000     0.00000000  -0.01309994     0.00000000  -0.01309994
 -0.00000000   0.01309994     0.23491255   0.00000000     0.02646716  -0.00000000
  0.00000000   0.01309994     0.02646716  -0.00000000     0.23491255   0.00000000

     Dynamical  Matrix in cartesian axes

     q = (    0.500000000  -0.500000000   0.000000000 ) 

    1    1
  0.21971966   0.00000000    -0.01848690   0.00000000     0.00000000   0.01746793
 -0.01848690   0.00000000     0.21971966   0.00000000     0.00000000  -0.01746793
 -0.00000000  -0.01746793     0.00000000   0.01746793     0.23136728   0.00000000
    1    2
 -0.10680807  -0.00000000    -0.07068903   0.00000000    -0.00000000   0.07538060
 -0.07068903   0.00000000    -0.10680807  -0.00000000     0.00000000  -0.07538060
 -0.00000000   0.09217429     0.00000000  -0.09217429    -0.10842913   0.00000000
    2    1
 -0.10680807   0.00000000    -0.07068903  -0.00000000    -0.00000000  -0.09217429
 -0.07068903  -0.00000000    -0.10680807   0.00000000     0.00000000   0.09217429
 -0.00000000  -0.07538060     0.00000000   0.07538060    -0.10842913   0.00000000
    2    2
  0.23491255  -0.00000000    -0.02646716   0.00000000     0.00000000   0.01309994
 -0.02646716   0.00000000     0.23491255  -0.00000000     0.00000000  -0.01309994
  0.00000000  -0.01309994     0.00000000   0.01309994     0.24379839  -0.00000000

     Diagonalizing the dynamical matrix

     q = (    0.500000000   0.000000000   0.500000000 ) 

 **************************************************************************
     freq (    1) =       2.513474 [THz] =      83.840472 [cm-1]
 ( -0.000000 -0.486965  0.000000  0.000000 -0.000000  0.486965 ) 
 (  0.512704  0.000000 -0.000000  0.000000 -0.512704  0.000000 ) 
     freq (    2) =       3.825222 [THz] =     127.595657 [cm-1]
 ( -0.000000  0.246496  0.605183  0.000000 -0.000000  0.246496 ) 
 (  0.227768  0.000000 -0.000000  0.639122  0.227768  0.000000 ) 
     freq (    3) =       5.428023 [THz] =     181.059364 [cm-1]
 ( -0.000000 -0.268839  0.285397 -0.000000  0.000000 -0.268839 ) 
 (  0.548946 -0.000000  0.000000 -0.413903  0.548946  0.000000 ) 
     freq (    4) =      10.719682 [THz] =     357.570112 [cm-1]
 (  0.000000 -0.653468 -0.272984 -0.000000  0.000000 -0.653468 ) 
 (  0.010903  0.000000 -0.000000  0.266834  0.010903 -0.000000 ) 
     freq (    5) =      10.737247 [THz] =     358.156013 [cm-1]
 ( -0.000000 -0.669053  0.000000  0.000000 -0.000000  0.669053 ) 
 ( -0.228842 -0.000000  0.000000 -0.000000  0.228842  0.000000 ) 
     freq (    6) =      11.301956 [THz] =     376.992676 [cm-1]
 ( -0.000000 -0.257365  0.892638 -0.000000 -0.000000 -0.257365 ) 
 ( -0.170845  0.000000  0.000000 -0.111123 -0.170845  0.000000 ) 
 **************************************************************************
